20160708
20161113
20160702
20160906
20161011
20160901
20160108
20160609
20160221
20160308
20161001
20161012
20160309
20161023
20161104
20160806
20160115
20160109
20160915
20160803
20160410
20160914
20161022
20160403
20160922
20161009
20161114
20160303
20160712
20160421
20160109
20160508
20160212
20161115
20160607
20160120
20160522
20160505
20160708
20160220
20161019
20160821
20160117
20160922
20161104
20160718
20161117
20160104
20161024
20160720
20161113
20160111
20160810
20160710
20160614
20161115
20160604
20160409
20160313
20160723
20160413
20160208
20160719
20160811
20160806
20160810
20160802
20160205
20160710
20160416
20161114
20160424
20160611
20160207
20161024
20161010
20160106
20160222
20160101
20160409
20161116
20161002
20160912
20160405
20160713
20160623
20160914
20160822
20160213
20160803
20160502
20160602
20160514
20160112
20160521
20160124
20160418
20160708
20160209
20160210
20160802
20160302
20160420
20160406
20160308
20161002
20161102
20160821
20160318
20161105
20160406
20161116
20160814
20161018
20160202
20160307
20160220
20160212
20160911
20160407
20160304
20160120
20160714
20160409
20160106
20161122
20161110
20160311
20161024
20160604
20160609
20160607
20160115
20160802
20160601
20160615
20161016
20160301
20161020
20160901
20160601
20161001
20160723
20160920
20160501
20161015
20160616
20160213
20160811
20160210
20160203
20160806
20160805
20160102
20160921
20160302
20160116
20160709
20160605
20160313
20160220
20160111
20160420
20160721
20160412
20161010
20160218
20160201
20160724
20161116
20161005
20160323
20161110
20160602
20160607
20160215
20160912
20160518
20160109
20160604
20161002
20160612
20160312
20160623
20161010
20160419
20160424
20160512
20160120
20160607
20160723
20160811
20160806
20160207
20160403
20160116
20160120
20160508
20160622
20161106
20160204
20160317
20160822
20161024
20160803
20160813
20160720
20160324
20160118
20160915
20160701
20160123
20160417
20160617
20160811
20160506
20160822
20160815
20160512
20160117
20160603
20161011
20161013
20160221
20161104
20160110
20160707
20160606
20161103
20161110
20160610
20161005
20160113
20160722
20160921
20160614
20160407
20160309
20160401
20160203
20160602
20160604
20160501
20161020
20160603
20160909
20161010
20161008
20160801
20160717
20160301
20161102
20160507
20160815
20160715
20160522
20160208
20160216
20161014
20160405
20160606
20160408
20161114
20160502
20160910
20160316
20161103
20160824
20160609
20160402
20160210
20160813
20160306
20160506
20160221
20160417
20161101
20161111
20160508
20161005
20160501
20161102
20161115
20160123
20160302
20160717
20160602
20161006
20161005
20160503
20161122
20160722
20160620
20160807
20160616
20161121
20160318
20160216
20160816
20160304
20160523
20160117
20160611
20160812
20160620
20160807
20160603
20161110
20160902
20161114
20160403
20160508
20160320
20160907
20160311
20160821
20160324
20160716
20161024
20160102
20161009
20160717
20160509
20160608
20160914
20160317
20161115
20161105
20161105
20160805
20160811
20160317
20160805
20161104
20160804
20160709
20160102
20160322
20160902
20160813
20160907
20160701
20160909
20161102
20160313
20160114
20161016
20160822
20161106
20161014
20160714
20161104
20160313
20160315
20160721
20160615
20161002
20160713
20160220
20160303
20161106
20160505
20160809
20160407
20160706
20160405
20160309
20160117
20160805
20160410
20160502
20160301
20161011
20161010
20161109
20160302
20160217
20160613
20160311
20160607
20161112
20160617
20160922
20160114
20160203
20160120
20160117
20160419
20160507
20160319
20160320
20160519
20161122
20160309
20160717
20160609
20160910
20160121
20160419
20160310
20160421
20160224
20160220
20160309
20160414
20161002
20161116
20160313
20160210
20160709
20160103
20161115
20160423
20160605
20160912
20160714
20160315
20160309
20160720
20160712
20160301
20160809
20160714
20160210
20161001
20160319
20160816
20161118
20160407
20160910
20160904
20160107
20160519
20160317
20160209
20161011
20160606
20161112
20160423
20160205
20160110
20160419
20161101
20160820
20160804
20160704
20160802
20160816
20161124
20160206
20160709
20160707
20160919
20160722
20161109
20160316
20160818
20160818
20161022
20160818
20160516
20160105
20160506
20160716
20160719
20160810
20160501
20160809
20160415
20160412
20161001
20160320
20160424
20160313
20160514
20160802
20160324
20161119
20160114
20160517
20160304
20160510
20160620
20160814
20160224
20160101
20161018
20160912
20160714
20161102
20160321
20160208
20160410
20161022
20160706
20160220
20160117
20161115
20160108
20160320
20160314
20161014
20160311
20161015
20160915
20160601
20160709
20160523
20160914
20161110
20160913
20160410
20160120
20160923
20160419
20160102
20160316
20161123
20160110
20160804
20160724
20161014
20161109
20161103
20160706
20160417
20160217
20161111
20160510
20160521
20160417
20160410
20160804
20160103
20160424
20160412
20160423
20161006
20160420
20160819
20160905
20161021
20160112
20160409
20160717
20160307
20160511
20160717
20160607
20160306
20160714
20160708
20160321
20160201
20160216
20161122
20160720
20160813
20161023
20161116
20160105
20160623
20160502
20161020
20160216
20160406
20160103
20160817
20160810
20161115
20160317
20160616
20160801
20160822
20160822
20161123
20160518
20160223
20160512
20160316
20160914
20160310
20160718
20160507
20161105
20161121
20160316
20160915
20160922
20160403
20160217
20160104
20160222
20160919
20160421
20160711
20160811
20160712
20160114
20160809
20160710
20160214
20161023
20160922
20161018
20161104
20160505
20160720
20161015
20160208
20160513
20160319
20160707
20160209
20160712
20160107
20161011
20161107
20160902
20160908
20160522
20160809
20160122
20161120
20160923
20160122
20160707
20160122
20161017
20160408
20161018
20160617
20160219
20160118
20160520
20160622
20161115
20160422
20160804
20160819
20161024
20160717
20160312
20160119
20160307
20160402
20160802
20161116
20160813
20160213
20161110
20161109
20160309
20160524
20160316
20160309
20161112
20160119
20161011
20161019
20160219
20160520
20160909
20160204
20160212
20160616
20161018
20161015
20160919
20160914
20160815
20160716
20160602
20160417
20160104
20160208
20160405
20160104
20160220
20161114
20160610
20160417
20160810
20160305
20160801
20160313
20160724
20160218
20160120
20160320
20161108
20160709
20160214
20160815
20160704
20161109
20160414
20160923
20160902
20160323
20160221
20160215
20160501
20161003
20160511
20160622
20160806
20160801
20160620
20160609
20160621
20161106
20160111
20160717
20161121
20160313
20160923
20160912
20160611
20160612
20160805
20160707
20160301
20160318
20161108
20161006
20160922
20160708
20160103
20160714
20160311
20160520
20160319
20160421
20160416
20161019
20160703
20160309
20160306
20160818
20160406
20160301
20160514
20161112
20160414
20160511
20161001
20161114
20160113
20160708
20160521
20161119
20160809
20160108
20160103
20161023
20160721
20160210
20160804
20160407
20160103
20160415
20161015
20160514
20161104
20160116
20160804
20160123
20160611
20160408
20160217
20160317
20160706
20160117
20160419
20160210
20160509
20161123
20160816
20161124
20161024
20160403
20161001
20161014
20160418
20160803
20160114
20160121
20160713
20160602
20160208
20161115
20160401
20161006
20160410
20160319
20160517
20160717
20160814
20160802
20160515
20160617
20160307
20160711
20160913
20160503
20160404
20160422
20161002
20161104
20160324
20161109
20160911
20160207
20161015
20160904
20160216
20160117
20161004
20161110
20160107
20160920
20160301
20160404
20160624
20160501
20161117
20160311
20161013
20160419
20161001
20160819
20160521
20160910
20160310
20160910
20160102
20160214
20160215
20160402
20160611
20160306
20161009
20160320
20160317
20161019
20160602
20161105
20161017
20160313
20160216
20160507
20160110
20160522
20160719
20160111
20160917
20160518
20160314
20160808
20160914
20160105
20161011
20161121
20160511
20161003
20160814
20160924
20160419
20160121
20160501
20160624
20160215
20161009
20160908
20160406
20160309
20161122
20160218
20160209
20160820
20160703
20160610
20160919
20161014
20160524
20160223
20161013
20160510
20160409
20160611
20160822
20161102
20160808
20160509
20160601
20160518
20160904
20161102
20160216
20160804
20160103
20161009
20161109
20160402
20160320
20161120
20160521
20160611
20160515
20160502
20160513
20160702
20160605
20160316
20160807
20160517
20160802
20160315
20160314
20160207
20160616
20160819
20160516
20160709
20160306
20161123
20160218
20160207
20160918
20160705
20160924
20160809
20161122
20160319
20160703
20160419
20160818
20160518
20161014
20160308
20160820
20160318
20161015
20160920
20160413
20160604
20161016
20161006
20160416
20160920
20160303
20160922
20161121
20160824
20160415
20160701
20160818
20160616
20160316
20161101
20160114
20160319
20161012
20160915
20161018
20160214
20160502
20161116
20160621
20160417
20160611
20160815
20160118
20160621
20160713
20160221
20160207
20160315
20161023
20161008
20160701
20160815
20160202
20160920
20161118
20160713
20161017
20160108
20161111
20161008
20160607
20161013
20160611
20161103
20160615
20161105
20160216
20160601
20160619
20161019
20160220
20160212
20160712
20160302
20160924
20160116
20161118
20160424
20160619
20160408
20160217
20161110
20160312
20160223
20160807
20160919
20160623
20160213
20160908
20160504
20160824
20160514
20160519
20160323
20160111
20160321
20160520
20160108
20160511
20160819
20161012
20160513
20160318
20160711
20160911
20160613
20160604
20160311
20161106
20160601
20160502
20160609
20161011
20160819
20160107
20160606
20160908
20160124
20160614
20160521
20160820
20160317
20160709
20160615
20160410
20160521
20160123
20160523
20160101
20160718
20160718
20160211
20160306
20160606
20160214
20160806
20160609
20160623
20160223
20160914
20160309
20160817
20161115
20160212
20160418
20160823
20161021
20160415
20161101
20160322
20160524
20160419
20160220
20161012
20161110
20160311
20160914
20160706
20160422
20160121
20160506
20161001
20161023
20160807
20160920
20160602
20160417
20160214
20160222
20161102
20160221
20161004
20160410
20160724
20160507
20160514
20160815
20160105
20160102
20160608
20160804
20160515
20160710
20161017
20161113
20160621
20160904
20160311
20161010
20160606
20160620
20161023
20160305
20160616
20160923
20160506
20160613
20160802
20161111
20160709
20161002
20160415
20161001
20160420
20160917
20160414
20160513
20160223
20160623
20160304
20160810
20160111
20160119
20160617
20160618
20160606
20160411
20160523
20160210
20160509
20160205
20160803
20160222
20160711
20161010
20160806
20160618
20160413
20161109
20160510
20160608
20161024
20160903
20160217
20161103
20160102
20160517
20161115
20160619
20160109
20160309
20160517
20161109
20160711
20161004
20160322
20160709
20160702
20160804
20160617
20160807
20160912
20160322
20160119
20160514
20160122
20160816
20160918
20160602
20160620
20160109
20160404
20160913
20160508
20161003
20161114
20160519
20160523
20160304
20160808
20160124
20161001
20160901
20160301
20160203
20160415
20160722
20160524
20160701
20160422
20160924
20160422
20160324
20160907
20161116
20160802
20160906
20160321
20160619
20160424
20161124
20160210
20160715
20161006
20160622
20160421
20161014
20161001
20161109
20160614
20161108
20160324
20160908
20160703
20160321
20160807
20160822
20160805
20160618
20160210
20160513
20160222
20160909
20160515
20160117
20161106
20160201
20161007
20160623
20160609
20161005
20160218
20160519
20160624
20160710
20160423
20160811
20160221
20160204
20160215
20160413
20160122
20160412
20161019
20160824
20160824
20160416
20160423
20160116
20160107
20161008
20161023
20161005
20161112
20160307
20160105
20160509
20160701
20160305
20160222
20160115
20160720
20160310
20161023
20160924
20161003
20160415
20160108
20160920
20160608
20160322
20161011
20161009
20160204
20160305
20160610
20160516
20160118
20160910
20160217
20160212
20160209
20160305
20160702
20160514
20161109
20160223
20160918
20161009
20160720
20160915
20161015
20160619
20161019
20160306
20160208
20160713
20160712
20160910
20161123
20160518
20161008
20161103
20160703
20160116
20160617
20160220
20160520
20160906
20160809
20161123
20160422
20160516
20160608
20160101
20160603
20160313
20160322
20160202
20161005
20160607
20160814
20160110
20160811
20160401
20160615
20160320
20160312
20160224
20160802
20160212
20160907
20160611
20160422
20160601
20160401
20161017
20160822
20160513
20160421
20161013
20161124
20161112
20160523
20160822
20160902
20160322
20160621
20160824
20160123
20160617
20160820
20160720
20161009
20160608
20160411
20161018
20160712
20160716
20160515
20160723
20160207
20160909
20161114
20160909
20160919
20160704
20160318
20160802
20161022
20161019
20161019
20160312
20160903
20160315
20160903
20161020
20160706
20160601
20160724
20161117
20160413
20160808
20160806
20160524
20161006
20161111
20161111
20161019
20161019
20160908
20160123
20160109
20160305
20160822
20160224
20160902
20160202
20161107
20160321
20160502
20160521
20160823
20160606
20160406
20160404
20160502
20160209
20160114
20160417
20160310
20161113
20160709
20160517
20160316
20160116
20161017
20161019
20160105
20161117
20160724
20160504
20160310
20161005
20160906
20160113
20160624
20160406
20160923
20160101
20160603
20160104
20160317
20160702
20160620
20160907
20160119
20160210
20160502
20160415
20160615
20160407
20160220
20161114
20160913
20160412
20160509
20160504
20160606
20161105
20160423
20160802
20160406
20161110
20160806
20160707
20160503
20160620
20161106
20160104
20160313
20160703
20160109
20160623
20160215
20160220
20160313
20160718
20160918
20160505
20160209
20161015
20160403
20160703
20160302
20160420
20160112
20160424
20160514
20161107
20160424
20160508
20160501
20160212
20160202
20160121
20160906
20160322
20160111
20160703
20160619
20161121
20160709
20161023
20160511
20160503
20161005
20160111
20160513
20161014
20160222
20160604
20161022
20160618
20161015
20160422
20160510
20160815
20160309
20160918
20160221
20160412
20160423
20160610
20160705
20161110
20160314
20160715
20160715
20161122
20160516
20160209
20160201
20161110
20161009
20160320
20160820
20160819
20160115
20160506
20161123
20160914
20160908
20160319
20160212
20160504
20160812
20160716
20160821
20160423
20160814
20160504
20161115
20160416
20160104
20161116
20160522
20160110
20161121
20160406
20161018
20161020
20160215
20160119
20160207
20160109
20160719
20161119
20160415
20161117
20160215
20161102
20160508
20161120
20160107
20160418
20160816
20160523
20160106
20160119
20161013
20161104
20160510
20161008
20160115
20160304
20161109
20160304
20160202
20160917
20161022
20160413
20160613
20161005
20161112
20160721
20160924
20161122
20160222
20160905
20160917
20160423
20160914
20161101
20160810
20161113
20160303
20160621
20160923
20160816
20160918
20160120
20160212
20160107
20160914
20160916
20160314
20160522
20161001
20160705
20161122
20160911
20160323
20160521
20160115
20160720
20160216
20161115
20160622
20160901
20160401
20160614
20160105
20161022
20160816
20160920
20160504
20160305
20161106
20160612
20160309
20160108
20161116
20160805
20160406
20160703
20160823
20160309
20160512
20160108
20160512
20160121
20161021
20160217
20160320
20160712
20160616
20160916
20161001
20160907
20160123
20161004
20160903
20160307
20160706
20160424
20161010
20160812
20160217
20160319
20160910
20161010
20160805
20161110
20160503
20160722
20160701
20160409
20160911
20161024
20160606
20160807
20160107
20160902
20161016
20160402
20160814
20160712
20160321
20160609
20160605
20160920
20160414
20160121
20160721
20160117
20160806
20161102
20161020
20160412
20160601
20160210
20160921
20160807
20160620
20160411
20160408
20161115
20160408
20160719
20160504
20160205
20160220
20160316
20160714
20160617
20161123
20160704
20160111
20160508
20160621
20161118
20160318
20161023
20160419
20161022
20160708
20160315
20160404
20160409
20160805
20160117
20160813
20161008
20160308
20160822
20160613
20160818
20160814
20161020
20160819
20160407
20160520
20160703
20160819
20160722
20160318
20160304
20160715
20160816
20160217
20160908
20160515
20160419
20160224
20161112
20160222
20160414
20160707
20160906
20160420
20160113
20160103
20160810
20161022
20160913
20160415
20160819
20160602
20160209
20161116
20160115
20160724
20160513
20160124
20160614
20160508
20160417
20160917
20160216
20160504
20160506
20160502
20160705
20160415
20160807
20160701
20160821
20160617
20160405
20161002
20160209
20160411
20161007
20160301
20160521
20160303
20160305
20160714
20161110
20160304
20160911
20160101
20161101
20160901
20160706
20160309
20161116
20160722
20160106
20160220
20160719
20160212
20160304
20160420
20160706
20160911
20160104
20160412
20160117
20160504
20161119
20160622
20160822
20161117
20160103
20160404
20160722
20160911
20161008
20160223
20160109
20160416
20160410
20161014
20161117
20160909
20160807
20160308
20160707
20160109
20160906
20160820
20160610
20160708
20160312
20160618
20160918
20160718
20160407
20160409
20160824
20160714
20160903
20161121
20160510
20160914
20160104
20160402
20161118
20160306
20161021
20160322
20160605
20160322
20161008
20160419
20160618
20160602
20160518
20160921
20160715
20160308
20160207
20160601
20160124
20160415
20160213
20160511
20160509
20160412
20160208
20161004
20160211
20160402
20160313
20160704
20160520
20160917
20160812
20160307
20160407
20160803
20160807
20160108
20160803
20160905
20160824
20161123
20160415
20160620
20161004
20161114
20160207
20160612
20160819
20160223
20161116
20160913
20161115
20160122
20161007
20160417
20160310
20160511
20160720
20160301
20161003
20160201
20161113
20160509
20161120
20160519
20161107
20160915
20160615
20160717
20160424
20160318
20160611
20160809
20160810
20160321
20160505
20160305
20160120
20161018
20161003
20160723
20160605
20160505
20160706
20160907
20160216
20161120
20160320
20160605
20161105
20161107
20160113
20161112
20161115
20160201
20160604
20160605
20160505
20160119
20160908
20160519
20160312
20160609
20160613
20160702
20161005
20161105
20161012
20161105
20160706
20160419
20160916
20160105
20160920
20160907
20160611
20160505
20161108
20160914
20160901
20160823
20160109
20160804
20160212
20160502
20160604
20160816
20160324
20160116
20160901
20160803
20161013
20160816
20160910
20161015
20160924
20160607
20160702
20160801
20161017
20160416
20160313
20160602
20160410
20160123
20160308
20160606
20160917
20160321
20160316
20160804
20160823
20160218
20161122
20160718
20160618
20161022
20160702
20160709
20161014
20160723
20160421
20160324
20160420
20160304
20160222
20160922
20160803
20160802
20161012
20160508
20160118
20160216
20160521
20161006
20160121
20160415
20161016
20160812
20160714
20160311
20160522
20160321
20160911
20161105
20160816
20161001
20161007
20161017
20161124
20161006
20161124
20160614
20160111
20161020
20161123
20160903
20160122
20160606
20160723
20161107
20161120
20160514
20161013
20160804
20160111
20160112
20160113
20160601
20160501
20160803
20160122
20160509
20161008
20160704
20160802
20160810
20161122
20160714
20160603
20160801
20160921
20160606
20160316
20160610
20160912
20160704
20160601
20160406
20161009
20160214
20160519
20160404
20160917
20161003
20160217
20160805
20160920
20160701
20161015
20160615
20160419
20161106
20160509
20160511
20160514
20160507
20160518
20160523
20160522
20160217
20160602
20160924
20160508
20160818
20160618
20160322
20160912
20160106
20160522
20160612
20160710
20160422
20160922
20160901
20160613
20160707
20160617
20160710
20160401
20160616
20160503
20160412
20160108
20160919
20160520
20160309
20160510
20161121
20161121
20161024
20161118
20160213
20160913
20160605
20160416
20160806
20160224
20160405
20160812
20160916
20160911
20160622
20160715
20160423
20160413
20160216
20160111
20160624
20160624
20160805
20160520
20160505
20160415
20160510
20160704
20161103
20160224
20160817
20160915
20160413
20160113
20160308
20160312
20161119
20160502
20160824
20160909
20161107
20160203
20161124
20160522
20160819
20161013
20160522
20160509
20160217
20160411
20160202
20160608
20160221
20160122
20161114
20160402
20160517
20160220
20160614
20160120
20160603
20160808
20161120
20160419
20160618
20160113
20160607
20160724
20160320
20160524
20161117
20160902
20160822
20160411
20160119
20160914
20160303
20160213
20160703
20161016
20160112
20160703
20160901
20160812
20160801
20160814
20161003
20160422
20160418
20160404
20160211
20160905
20160405
20160615
20161118
20160419
20160218
20160912
20161010
20160105
20160401
20160719
20160419
20160713
20161001
20160224
20160513
20160323
20160705
20160622
20160705
20160804
20160912
20160108
20160413
20160403
20160109
20161117
20160712
20160522
20160524
20160403
20160713
20160201
20160406
20160204
20160103
20160308
20160920
20160408
20160717
20160720
20160701
20160208
20161114
20160123
20160323
20160820
20160119
20160903
20160421
20160921
20160324
20161003
20160212
20160610
20160113
20161124
20160107
20160517
20160910
20160723
20160805
20160415
20160803
20161101
20160613
20160318
20160310
20160914
20160112
20160319
20160704
20161108
20160215
20161110
20161103
20160702
20160106
20160823
20160802
20160724
20160311
20160919
20161002
20160824
20160224
20160818
20160419
20160817
20160923
20160421
20161120
20160623
20160416
20160501
20160307
20160119
20160919
20160624
20161002
20160918
20160207
20160523
20160301
20160802
20160324
20160518
20161019
20160818
20160223
20160411
20160817
20160109
20160402
20160502
20160813
20160806
20161121
20160302
20160320
20160503
20160316
20160524
20161002
20160416
20160401
20160404
20160816
20160215
20160701
20161010
20160315
20161001
20161002
20160209
20161015
20160622
20160305
20160124
20160720
20160602
20160612
20160514
20160601
20160715
20160718
20160224
20160624
20160624
20160711
20161105
20160224
20160623
20160220
20160615
20160808
20160618
20160312
20160203
20160507
20160302
20161014
20160416
20160305
20160524
20160102
20161004
20161118
20160921
20160722
20160510
20160219
20160615
20160102
20160623
20160613
20160824
20160602
20160918
20160103
20160819
20160917
20161002
20161124
20160708
20161111
20160715
20161002
20160624
20161108
20160223
20160920
20160304
20160716
20161013
20161114
20160907
20161109
20160114
20160809
20160306
20161124
20160608
20160110
20160110
20160907
20160220
20161119
20161011
20161007
20160610
20160714
20160324
20160623
20160222
20160718
20160611
20160101
20161014
20160316
20160916
20160315
20161008
20161106
20160104
20161015
20160112
20160403
20160901
20160701
20160603
20160924
20160703
20161021
20160302
20160512
20160208
20160614
20160402
20160709
20160924
20160812
20160814
20160417
20161112
20160605
20161007
20160820
20160516
20160202
20160911
20160309
20160407
20160407
20160901
20160922
20160901
20160221
20160215
20160617
20160619
20161023
20160809
20161023
20160610
20160919
20161102
20160912
20160910
20161123
20160222
20160723
20160704
20160806
20160619
20160521
20160216
20160816
20161119
20160903
20160824
20160106
20160802
20160401
20161024
20161021
20160112
20160824
20160913
20161003
20160520
20161119
20160720
20160218
20160206
20160117
20160812
20160222
20160816
20160606
20160911
20160524
20160212
20160713
20161008
20161106
20160703
20160219
20160907
20160107
20160315
20160213
20160907
20160904
20161112
20160620
20160423
20160303
20160315
20161021
20160708
20160505
20160601
20160804
20160821
20160808
20160310
20160711
20160109
20160614
20160121
20160720
20160124
20160522
20161021
20160817
20160312
20160816
20160503
20160705
20160714
20161115
20160813
20160905
20160620
20160617
20161012
20160209
20161009
20161103
20160524
20160716
20161013
20160508
20160303
20160220
20160709
20160816
20160708
20160711
20160405
20161108
20160610
20160507
20160321
20160205
20160124
20160712
20160506
20160502
20160811
20161110
20160613
20160709
20160105
20160811
20160618
20160104
20161113
20161119
20160810
20160307
20160820
20161106
20160822
20160502
20161116
20160105
20161115
20160319
20160314
20161007
20161117
20160401
20160812
20160723
20161103
20160110
20160715
20160407
20160218
20160811
20160206
20160215
20160411
20160703
20160313
20160406
20160917
20160509
20160209
20160923
20160824
20160612
20160423
20160207
20161101
20160913
20160806
20160408
20160916
20160524
20160619
20160918
20160404
20160919
20160817
20160314
20160904
20160808
20160224
20160210
20160212
20160121
20161009
20160806
20160506
20160403
20160323
20160518
20160913
20161114
20161116
20160202
20160524
20160623
20161105
20160524
20160608
20160120
20160316
20160317
20161123
20160404
20160724
20160922
20160403
20160615
20160311
20160318
20160904
20160311
20160316
20160523
20160406
20160421
20161018
20161022
20160610
20160601
20160802
20161003
20160815
20160223
20161120
20160724
20160217
20160903
20160519
20160510
20160101
20160610
20161116
20160424
20160213
20160613
20160214
20160121
20161104
20160912
20160510
20161108
20160107
20161108
20161118
20160121
20161123
20160302
20161018
20160914
20160210
20160708
20160905
20160616
20160214
20160706
20160824
20160918
20160611
20160220
20160914
20160408
20161121
20160223
20160621
20160417
20160802
20160706
20160719
20160720
20160424
20161116
20161107
20160915
20160704
20160513
20161013
20160817
20160822
20160807
20160610
20161119
20160804
20160905
20160118
20160224
20160708
20160806
20160922
20161020
20160210
20160805
20160712
20160308
20160211
20160906
20160406
20161111
20160119
20160607
20160208
20160103
20160618
20160213
20161101
20160417
20161106
20161114
20160820
20160909
20160424
20160521
20160824
20161104
20160624
20160624
20160220
20160214
20161119
20161016
20161118
20160601
20161104
20160721
20160223
20161007
20160720
20160217
20160417
20160718
20160809
20161108
20160722
20160920
20161018
20160407
20161013
20160813
20161120
20160519
20160814
20160105
20160721
20160122
20160902
20160908
20160717
20160801
20160106
20161111
20160113
20160705
20160606
20161015
20160218
20161123
20160513
20160620
20160421
20160918
20160423
20160813
20161105
20160922
20160221
20160901
20160521
20160901
20160324
20160113
20160510
20161020
20160409
20160405
20161004
20160806
20160317
20160421
20160811
20160619
20160214
20160623
20160423
20160211
20160702
20160711
20160605
20160804
20161018
20160217
20160513
20160305
20161022
20160710
20160820
20161112
20160221
20160317
20160718
20160109
20160202
20160521
20160703
20161113
20160508
20161107
20161119
20160311
20160822
20160211
20161021
20160419
20160504
20160710
20161120
20160322
20160411
20160107
20160507
20161018
20160715
20160401
20160508
20160402
20160114
20160115
20160215
20161111
20161115
20160222
20160824
20160317
20160111
20160624
20160401
20161120
20161004
20160321
20161008
20160412
20160809
20160223
20161114
20160621
20160902
20160724
20160305
20160707
20160218
20160712
20161110
20160322
20161108
20160522
20160707
20160807
20160616
20161112
20161017
20161011
20160716
20160409
20161011
20160220
20160315
20160401
20160711
20161112
20160324
20161103
20161024
20160421
20160811
20161101
20160524
20160617
20160719
20161007
20161104
20160816
20160613
20160118
20160416
20160208
20160414
20160223
20161124
20160209
20160821
20161121
20160923
20160418
20160610
20161011
20161114
20160114
20161116
20160804
20161104
20160723
20160121
20160217
20160122
20160122
20160324
20160904
20161012
20160705
20161114
20160616
20160811
20160710
20160610
20160512
20160324
20161022
20160722
20160211
20161003
20160216
20160707
20160901
20161121
20160814
20160724
20160116
20160819
20160222
20160321
20160320
20160312
20160622
20160519
20160219
20160518
20160114
20160524
20160620
20160716
20160205
20161021
20160914
20160813
20160108
20160717
20160204
20160119
20160411
20160804
20160412
20160801
20161107
20160906
20160409
20160415
20160523
20160211
20161102
20160221
20160316
20161016
20160817
20160920
20160508
20160708
20161005
20160618
20160501
20160224
20160819
20160109
20160105
20160607
20160112
20160120
20160609
20160103
20160408
20160307
20160120
20160606
20160624
20160824
20160312
20160913
20160907
20160812
20160812
20160609
20160120
20160910
20160302
20160602
20160813
20160305
20160610
20160605
20160601
20160213
20160321
20161116
20160810
20161020
20160501
20160312
20160217
20161111
20160615
20160513
20160601
20160204
20160719
20160423
20160220
20160304
20160811
20160109
20161107
20160519
20160823
20160605
20161021
20161013
20160205
20160724
20160103
20160609
20160912
20160809
20160317
20161109
20160112
20160908
20160106
20160606
20160701
20160804
20160714
20160522
20160906
20160704
20160111
20160713
20160921
20160920
20160504
20160913
20160316
20160909
20160810
20160916
20160824
20160905
20160722
20160216
20160416
20160921
20160710
20160711
20160419
20160418
20160607
20160723
20160119
20160206
20160908
20160109
20160519
20161012
20160621
20160201
20160322
20160324
20160806
20161102
20160503
20160913
20160922
20160201
20161006
20160402
20160403
20160907
20161107
20160709
20161022
20161001
20160105
20160612
20160714
20160408
20160112
20160213
20160702
20160916
20160920
20161011
20160816
20160101
20160810
20161010
20160714
20161106
20160817
20160710
20160717
20160311
20160902
20160123
20160321
20161110
20161012
20160620
20160511
20160609
20160406
20160205
20160516
20160803
20160823
20160709
20161024
20160903
20160115
20160520
20161111
20160501
20161112
20160421
20160915
20160523
20160808
20160614
20160606
20161108
20160515
20160905
20160818
20160910
20161008
20160611
20161017
20160809
20160913
20161006
20160823
20160820
20160217
20161120
20160604
20160501
20160308
20160818
20160204
20160617
20160613
20160215
20161024
20161006
20160123
20160421
20160716
20160607
20160301
20160803
20160120
20160414
20160603
20161007
20160409
20160502
20160324
20160623
20160719
20160119
20161006
20160917
20160417
20161114
20161104
20161103
20160609
20160105
20160105
20160616
20160420
20161118
20160406
20160617
20160716
20161118
20160809
20160608
20160201
20160618
20161118
20161112
20160805
20160415
20160405
20160410
20160611
20160211
20160805
20160705
20160319
20160621
20160515
20161011
20160624
20161018
20160508
20161013
20160923
20160210
20160603
20160902
20160313
20160405
20160818
20161021
20160209
20161120
20160323
20160904
20160706
20160404
20160523
20161106
20160516
20160208
20160416
20160119
20160810
20160605
20160322
20160516
20160913
20160313
20160203
20160405
20160502
20160921
20160212
20161120
20161024
20160701
20160809
20160221
20160202
20160112
20161110
20160322
20160324
20160922
20160508
20160511
20160919
20160905
20160705
20160422
20160318
20160824
20160120
20160706
20160909
20161004
20160517
20160107
20160617
20160214
20160716
20160923
20161022
20160205
20160423
20160901
20160416
20160703
20160809
20160618
20160401
20160218
20160704
20160620
20160403
20161022
20160603
20160104
20160222
20160106
20160109
20160218
20160606
20161118
20160322
20160114
20160501
20160506
20160308
20160707
20161107
20161102
20160810
20161108
20161122
20161122
20161020
20160215
20160901
20160116
20160210
20160303
20160303
20161109
20160214
20161121
20160314
20160211
20160223
20160124
20161113
20160710
20160614
20160222
20160218
20160224
20160506
20160315
20161006
20160819
20160819
20160721
20160305
20160403
20160904
20160324
20160219
20160721
20160220
20160105
20160405
20160814
20160305
20160309
20161002
20160223
20161021
20160813
20160621
20160912
20160802
20160908
20160914
20161013
20160213
20160402
20160105
20161121
20160823
20160822
20160710
20160522
20160311
20160206
20160624
20160605
20160506
20160201
20160514
20160224
20160820
20160214
20160207
20160807
20160417
20160717
20160401
20160322
20160110
20161021
20160116
20160516
20160704
20160412
20161024
20160814
20160509
20160120
20160706
20160609
20160316
20160609
20161106
20160601
20160819
20160924
20160310
20160708
20160817
20160415
20160611
20160813
20161101
20160815
20160718
20160503
20160907
20160318
20160914
20160503
20160516
20160513
20161002
20161107
20160922
20160512
20160708
20161016
20160614
20160718
20160111
20160810
20160314
20160102
20160101
20160802
20160220
20160218
20160309
20160608
20160401
20161105
20160218
20160703
20160508
20160503
20160902
20160801
20160413
20160921
20160610
20160608
20160209
20160620
20160324
20160107
20160302
20160621
20160715
20160809
20161018
20160821
20160913
20160624
20160514
20160311
20160111
20161114
20160715
20160903
20160310
20160811
20160920
20160415
20160516
20160117
20160116
20160802
20161022
20160107
20161023
20160214
20161113
20160802
20160422
20160803
20160205
20160502
20161117
20160520
20161009
20160216
20160202
20160713
20160314
20161108
20160414
20160309
20160513
20161107
20160907
20161018
20160319
20160706
20161011
20160823
20160105
20160410
20160920
20160810
20160307
20160222
20160905
20161124
20160709
20160910
20160706
20160323
20160803
20160408
20160707
20160201
20160901
20160324
20160610
20160415
20160216
20160214
20160903
20160619
20160505
20160402
20160823
20160314
20161021
20160912
20160210
20160607
20160823
20160609
20161120
20160106
20160609
20160108
20160308
20160623
20160508
20160511
20160404
20160719
20160306
20160113
20160222
20160717
20160312
20160907
20160511
20160202
20160916
20160507
20160901
20160104
20161106
20160117
20161113
20160721
20161108
20161015
20161109
20160219
20160908
20160203
20160219
20160502
20160316
20160215
20160808
20160102
20160223
20160417
20160903
20161114
20161016
20160423
20160114
20160616
20161006
20160221
20160921
20161123
20160824
20161118
20161004
20160121
20160314
20160708
20160908
20160717
20160823
20160213
20160908
20160305
20160105
20160310
20161001
20160918
20160702
20160106
20160901
20161007
20161108
20160420
20160209
20160614
20161004
20160912
20161002
20160803
20160108
20160406
20160908
20161003
20160723
20160205
20160514
20161003
20160506
20160715
20160804
20160304
20160522
20160705
20160824
20160713
20160902
20160111
20160623
20160315
20160114
20160922
20161123
20161121
20160223
20160621
20160422
20160323
20161101
20160407
20160613
20160213
20160505
20160406
20160218
20160121
20160608
20161024
20161114
20160517
20161122
20160423
20160615
20160301
20160610
20161124
20160621
20160315
20160222
20160412
20160524
20160604
20160908
20161017
20160905
20160823
20160919
20160619
20160119
20160111
20161108
20160614
20160804
20160806
20160107
20160822
20160814
20160704
20161009
20160113
20160511
20160120
20160619
20160103
20160415
20160215
20160123
20161016
20161011
20160205
20160307
20161104
20160919
20160109
20160414
20160216
20160420
20160923
20160506
20160620
20160415
20160718
20160407
20160603
20160619
20160710
20161005
20160724
20160315
20161024
20160809
20161003
20161015
20160119
20161111
20160504
20161020
20161004
20161004
20160416
20160808
20160414
20160106
20160111
20160913
20160713
20161107
20160907
20160908
20160611
20160904
20160923
20161011
20160515
20160515
20160724
20160505
20160622
20161020
20160718
20160617
20160707
20160810
20160223
20160223
20160206
20160203
20160316
20160418
20160612
20160419
20160115
20160817
20160712
20160614
20160222
20161011
20160613
20160308
20160601
20160221
20161018
20160215
20160712
20160817
20160720
20160708
20160306
20160105
20160319
20160804
20161001
20160502
20160312
20160911
20161101
20160305
20160504
20161118
20160723
20160221
20161021
20160108
20160920
20160117
20161016
20160321
20160113
20160118
20160902
20160404
20161121
20160310
20160304
20161013
20160504
20161110
20160301
20160712
20160507
20161114
20160614
20160503
20160605
20160214
20160708
20160311
20160406
20160606
20160913
20160309
20160807
20161011
20160206
20160613
20160912
20160120
20160603
20160323
20160401
20160514
20160706
20160516
20160814
20160209
20160908
20160222
20161016
20160817
20160123
20160116
20160815
20160203
20160201
20161103
20161016
20160910
20161017
20160110
20160104
20160220
20160105
20160622
20160502
20160512
20160201
20160218
20161011
20160421
20160705
20160614
20160813
20160506
20161118
20160315
20161012
20160416
20160212
20160916
20160816
20160423
20161011
20160812
20160615
20160101
20161109
20160813
20160120
20160309
20160702
20160315
20160401
20161014
20160417
20160222
20160402
20160701
20160808
20160113
20160418
20160607
20160521
20160720
20160814
20160310
20160614
20160708
20160517
20160310
20160507
20160910
20161106
20160804
20160707
20160114
20161018
20160820
20161008
20160421
20160121
20160514
20160905
20160420
20160824
20160708
20160817
20160305
20160524
20160316
20160308
20160404
20161017
20161017
20160613
20160417
20160804
20161009
20160214
20160421
20160206
20160922
20160416
20161003
20160307
20161023
20160516
20160817
20160714
20160921
20161121
20161015
20160514
20160706
20161014
20161023
20160815
20161003
20160819
20160812
20160811
20161002
20160702
20160907
20160819
20160621
20160512
20160406
20160918
20160910
20161105
20160910
20160606
20160416
20160104
20160610
20160722
20161021
20160405
20160820
20160605
20160322
20160423
20161121
20161018
20160812
20160413
20161115
20160913
20160109
20160912
20160210
20160803
20161109
20160304
20160311
20160812
20160115
20160222
20160822
20161006
20160110
20160113
20160401
20160419
20160515
20160316
20160718
20160901
20160201
20160723
20160920
20160405
20160624
20160809
20160117
20160510
20160613
20160422
20160504
20160217
20160705
20160311
20161119
20160612
20160420
20160507
20160117
20160106
20160510
20160807
20161116
20160120
20161015
20160815
20161103
20161116
20160409
20160223
20160711
20160217
20160819
20160418
20160817
20160805
20161011
20160423
20160323
20160501
20160717
20160522
20160122
20160605
20160220
20160704
20160313
20160703
20161004
20160317
20161013
20161003
20161023
20160216
20160319
20160601
20160322
20160905
20161115
20161021
20160905
20160910
20160621
20160919
20160221
20160611
20160223
20160606
20160716
20160222
20160503
20161004
20160118
20160708
20160905
20160701
20160903
20161106
20160711
20160406
20160618
20160605
20160606
20160315
20160318
20160924
20160923
20160311
20160412
20160719
20160308
20161019
20160116
20160905
20161113
20160212
20160704
20161024
20160915
20161019
20160807
20160215
20161006
20160708
20160716
20160909
20160121
20160501
20160205
20160803
20161013
20161019
20160106
20161011
20160619
20161002
20160202
20160723
20160921
20160501
20161005
20160115
20161022
20160903
20160623
20160215
20160622
20160505
20161008
20160704
20160915
20160502
20161005
20160216
20160307
20160315
20160906
20160209
20160118
20160916
20160910
20160219
20160309
20160308
20160208
20160519
20160107
20161119
20160623
20160120
20160503
20160903
20160716
20161108
20160814
20161113
20161008
20161106
20161109
20160809
20160724
20160920
20160120
20161112
20160322
20160703
20160407
20160513
20160712
20160705
20160606
20161019
20160406
20161113
20160211
20160922
20160319
20160517
20161110
20160613
20161121
20161005
20161109
20160204
20160211
20160621
20160917
20160523
20160519
20160624
20160607
20160710
20160321
20160906
20160819
20160619
20160215
20160720
20161011
20160118
20160720
20161116
20160423
20160708
20160304
20160113
20160405
20160203
20160219
20160813
20160409
20160204
20160805
20160424
20161014
20160619
20160613
20160206
20160911
20160513
20161122
20160719
20160110
20160924
20160906
20160202
20160402
20161117
20160724
20161009
20160118
20160117
20161012
20160302
20161011
20161021
20160112
20160318
20160115
20160312
20160419
20160603
20161012
20161104
20160202
20160311
20160708
20160304
20160508
20160402
20160821
20160206
20160903
20160706
20160808
20160707
20160703
20161121
20161120
20161117
20160203
20160123
20160618
20160119
20160601
20160706
20160319
20160514
20160119
20160606
20160114
20160508
20160704
20160405
20160522
20161007
20160204
20160524
20161004
20160611
20160317
20160920
20160902
20160204
20160623
20160406
20160723
20160324
20160319
20160710
20161017
20161020
20161107
20160112
20161013
20160108
20160424
20160221
20160309
20160715
20160317
20160223
20160924
20160424
20160522
20160708
20161121
20160617
20160721
20160310
20160403
20160920
20160513
20160424
20160702
20160513
20160902
20160808
20160218
20160718
20160108
20160309
20161005
20160404
20160823
20160616
20160605
20161117
20160815
20160706
20160624
20161121
20161005
20161007
20161119
20160318
20160611
20160607
20160904
20160508
20160123
20160823
20160610
20160919
20160609
20160123
20160418
20160408
20160311
20160217
20160812
20160501
20160923
20160906
20161015
20160915
20160918
20161124
20160523
20160306
20160701
20160402
20160921
20160319
20160520
20160724
20160922
20160209
20161115
20160610
20160109
20160412
20160804
20161008
20160416
20161104
20160821
20160709
20160401
20160215
20161105
20161021
20160117
20160322
20160222
20161121
20160213
20160808
20160709
20161110
20160803
20160420
20160406
20160608
20160519
20161013
20160123
20160205
20160702
20161017
20160613
20160301
20160409
20160416
20161122
20161120
20160222
20161101
20160522
20160220
20160714
20161104
20160506
20160115
20160523
20161019
20160922
20160506
20160820
20160602
20160117
20160323
20160421
20161008
20160115
20160808
20160107
20161002
20160214
20160312
20160513
20160908
20160924
20160202
20160416
20160722
20160214
20160712
20160122
20160324
20161116
20160115
20160714
20160509
20160523
20160205
20160623
20160819
20160822
20161118
20161001
20161008
20160508
20161104
20160415
20160503
20161120
20161023
20160604
20161003
20160613
20160213
20160309
20160710
20160103
20161006
20161016
20161012
20160613
20160119
20161019
20160903
20160321
20160820
20160622
20161007
20160915
20160324
20160101
20160217
20160318
20160420
20161022
20161010
20160702
20160910
20160918
20160409
20160509
20160819
20160324
20161021
20160211
20160120
20160502
20160602
20160702
20161012
20160321
20160513
20161013
20160714
20161005
20161006
20160311
20160808
20160617
20161019
20160712
20160906
20160301
20160518
20160214
20160220
20160819
20160505
20160721
20160517
20161007
20160123
20160620
20160617
20160801
20161007
20160115
20160317
20160501
20160621
20160906
20160820
20160307
20160711
20160722
20160823
20160814
20160215
20160108
20160402
20161022
20160318
20160213
20160104
20161002
20160604
20160216
20160121
20160919
20160608
20160315
20160712
20160324
20160208
20160312
20160118
20160306
20161111
20160523
20160608
20160116
20160805
20160418
20160815
20160812
20160501
20160804
20160318
20160516
20160611
20161016
20161001
20160501
20161022
20160308
20160218
20160113
20160203
20161008
20161006
20160704
20160118
20160408
20160115
20160120
20161112
20160401
20160810
20161107
20160903
20160317
20161122
20160510
20160210
20160624
20160311
20161112
20160906
20160118
20160706
20160722
20160313
20160819
20160516
20161007
20160713
20161113
20160619
20160912
20161018
20160810
20160105
20160602
20160213
20161005
20160215
20160211
20160105
20160614
20160518
20160303
20160124
20160303
20160822
20160709
20160810
20160518
20160519
20161017
20161104
20160622
20160909
20160521
20160121
20160118
20160924
20160702
20161123
20160411
20161004
20160818
20161023
20160611
20160924
20160918
20160619
20160819
20160602
20160411
20160803
20161021
20160310
20160110
20160306
20160115
20161101
20160316
20160108
20160420
20160901
20160916
20160101
20160904
20160103
20160619
20161002
20160711
20161112
20160213
20160405
20160917
20160802
20160124
20160517
20160904
20160617
20160124
20161010
20160311
20161022
20160208
20160223
20160824
20160608
20160914
20160922
20161020
20160313
20160223
20160311
20160406
20160804
20160314
20160901
20160408
20160110
20160115
20160215
20160709
20160401
20160801
20161117
20160505
20160322
20160504
20160122
20160508
20161124
20160812
20160601
20160924
20160413
20160822
20160321
20161109
20160203
20160602
20160610
20160216
20160917
20161122
20160714
20160919
20160523
20160717
20160324
20160312
20161106
20160219
20160403
20160515
20160213
20160701
20160609
20160623
20160221
20160403
20160214
20160706
20160321
20160417
20160302
20160715
20161107
20160618
20160619
20160703
20160706
20160519
20160618
20161009
20160108
20160309
20160920
20160611
20160408
20160314
20161007
20160220
20160124
20160714
20160719
20160112
20160806
20161007
20160413
20160912
20160705
20160514
20160220
20160108
20160307
20160607
20160817
20161006
20160906
20160803
20161013
20160307
20160923
20160824
20161019
20160622
20160722
20160506
20160803
20160305
20160701
20160816
20161022
20160507
20160109
20160404
20160620
20160211
20160816
20160918
20160423
20160918
20160211
20160301
20160107
20161104
20160807
20160414
20160220
20161009
20160102
20161122
20160909
20160812
20161119
20160918
20160116
20160419
20160605
20160213
20161114
20160710
20160912
20160524
20160816
20160224
20160105
20160708
20161116
20160418
20160620
20160214
20160220
20161006
20161024
20160924
20160401
20160602
20160920
20160224
20161020
20161006
20160624
20161006
20160701
20160522
20160109
20161104
20161106
20160712
20160114
20160601
20160717
20160203
20160213
20160617
20160920
20160213
20160512
20160906
20160315
20160817
20160317
20160317
20160801
20160111
20160409
20160608
20160305
20160320
20160919
20161113
20160907
20161011
20161119
20160619
20160706
20160917
20161003
20160115
20161015
20161017
20161015
20160306
20161023
20161010
20160618
20160906
20160418
20160910
20160606
20160304
20161107
20161103
20160505
20160113
20160907
20160223
20160322
20160116
20160224
20160608
20160604
20160523
20160522
20160815
20160122
20160110
20161106
20160821
20160511
20161114
20160414
20160317
20160110
20160512
20160910
20160404
20160614
20161016
20160612
20161102
20160708
20161112
20160207
20160416
20160719
20161004
20160910
20161023
20160723
20160124
20160110
20160912
20160810
20161012
20160612
20160808
20160312
20160514
20160104
20160121
20160214
20161017
20161102
20160823
20161110
20160506
20160812
20160906
20160816
20160401
20160512
20160313
20161122
20160218
20160701
20160921
20160817
20160824
20160506
20161013
20160222
20160707
20160911
20160905
20160818
20160419
20160515
20161101
20160515
20160707
20160211
20160610
20160208
20160424
20160219
20160909
20161018
20161114
20161014
20160211
20160309
20160410
20160607
20161009
20161016
20161003
20160217
20160410
20160219
20161024
20160512
20160708
20161022
20161021
20160916
20160805
20160620
20161119
20160322
20160718
20160702
20160220
20160619
20160524
20160222
20160419
20160904
20160418
20160722
20160301
20160415
20161004
20160307
20160122
20161119
20160105
20160423
20161115
20161020
20160820
20160322
20161006
20160506
20160811
20160108
20160713
20160422
20160807
20160512
20160609
20160613
20160412
20161007
20160624
20160924
20160317
20161006
20160106
20160315
20160202
20160123
20160722
20160423
20160823
20160802
20160418
20160615
20161113
20160307
20160821
20161007
20160304
20160607
20160504
20160915
20160810
20160212
20160509
20160909
20160414
20161108
20160121
20160819
20160715
20160220
20161005
20160815
20160807
20160224
20160812
20160114
20160315
20160805
20160612
20161124
20160613
20160522
20160217
20161004
20160202
20161023
20160117
20160108
20160221
20160403
20160318
20160319
20161109
20160221
20160610
20160709
20160821
20160218
20160905
20161124
20160104
20160917
20160810
20160724
20161114
20160611
20160821
20160302
20161023
20160822
20160324
20160310
20160624
20160324
20160206
20160312
20160405
20160307
20160514
20160424
20161007
20160215
20161121
20160407
20160617
20160614
20161115
20160804
20160611
20160602
20160601
20160222
20160616
20160314
20160622
20161122
20160124
20161003
20160210
20160801
20160424
20160503
20161116
20160907
20160917
20160912
20160106
20160809
20161110
20160220
20160305
20160218
20161110
20161018
20161114
20160510
20160724
20160904
20160603
20161120
20160422
20160624
20160621
20161011
20160212
20160502
20160104
20161108
20161015
20160512
20160914
20160603
20160222
20160401
20160910
20160812
20161105
20160419
20160501
20160802
20160119
20160103
20161104
20160602
20160921
20160903
20160707
20160506
20160613
20160522
20160715
20160221
20160509
20160713
20160704
20160504
20160905
20160608
20161008
20160710
20161005
20161009
20160621
20160209
20160519
20160614
20161122
20160217
20160218
20160808
20160823
20160802
20160107
20160810
20160222
20160620
20160615
20160502
20161008
20160223
20160702
20160913
20161114
20160501
20160606
20160615
20160614
20161105
20161020
20160515
20160322
20160916
20161016
20160213
20160708
20160902
20160604
20160519
20161017
20160305
20160114
20160907
20160806
20160301
20160604
20161121
20160721
20160123
20160619
20160707
20161020
20161120
20160306
20160622
20160810
20160509
20160212
20161121
20160501
20160813
20160210
20160912
20160822
20161002
20160210
20161019
20160501
20160117
20160212
20160423
20160618
20160521
20160604
20161103
20160208
20160308
20160321
20161124
20161023
20161023
20160319
20160722
20161121
20160115
20160716
20161108
20160515
20160818
20160711
20160421
20160815
20160415
20160615
20160117
20160520
20161116
20160307
20160418
20160822
20160911
20160317
20161002
20160819
20160910
20160612
20161021
20160901
20160317
20160210
20160921
20160505
20161015
20160209
20160724
20160811
20160808
20160920
20161118
20160401
20160419
20160419
20160120
20161113
20161002
20160806
20160218
20160208
20160812
20161016
20160322
20160418
20161106
20160902
20160417
20160304
20161111
20160816
20160506
20160409
20160103
20160518
20160115
20160717
20160901
20160702
20161118
20160113
20160615
20160309
20160810
20161008
20160221
20161023
20160310
20160618
20160820
20160822
20160811
20160419
20160104
20160715
20161023
20161003
20160120
20160204
20160303
20160601
20161011
20160705
20160808
20160217
20160602
20161019
20160802
20160720
20160110
20160704
20160423
20160416
20160504
20161115
20160517
20160310
20160907
20160313
20160903
20160611
20160108
20160209
20160208
20160814
20160101
20160724
20160822
20161122
20160813
20161022
20160720
20160207
20161123
20160223
20161003
20161110
20160609
20161109
20160818
20160612
20160809
20160516
20161111
20161005
20160903
20160405
20161013
20160107
20160123
20160718
20160622
20160706
20160814
20160204
20161011
20160221
20160419
20160217
20160713
20160224
20160915
20160620
20160419
20160522
20160513
20160519
20160103
20160220
20160607
20160224
20160313
20160403
20160417
20160119
20161106
20160918
20160706
20161103
20160810
20160923
20160116
20160505
20160807
20160508
20160616
20161122
20160406
20160204
20160606
20161111
20160724
20160724
20160122
20160105
20160713
20160408
20160902
20160405
20160823
20160711
20160604
20160901
20160411
20160613
20160522
20160718
20160822
20160208
20160722
20160914
20160122
20160701
20160505
20160420
20160619
20160315
20160313
20160222
20160622
20160812
20160924
20160522
20160709
20160216
20161103
20160301
20160209
20161019
20160815
20161121
20160217
20160907
20161109
20160405
20161004
20160204
20160112
20161019
20160917
20160415
20160619
20160409
20161124
20160822
20160516
20160802
20161124
20160221
20160113
20160412
20160917
20160523
20160214
20160906
20160206
20160211
20161109
20160709
20160318
20160201
20160601
20160206
20160701
20160112
20161009
20160209
20160701
20160206
20160213
20160917
20160420
20160119
20160424
20160819
20160911
20160709
20160818
20161014
20160120
20160406
20160910
20160521
20161019
20160507
20160802
20160609
20160316
20160906
20160108
20160706
20160910
20160101
20160603
20160506
20160720
20160911
20161112
20160819
20160805
20160216
20160802
20160812
20160117
20160508
20160211
20160201
20160814
20160123
20161122
20160201
20160521
20160713
20160523
20160821
20160204
20160310
20160323
20160720
20160712
20160519
20160104
20160523
20161011
20160608
20160406
20160324
20160324
20161022
20160712
20160307
20160122
20160409
20160314
20160607
20160118
20160819
20160812
20160318
20160319
20160911
20161010
20160613
20160307
20161118
20160902
20160710
20160508
20160103
20160914
20160506
20160304
20161116
20160504
20160206
20160409
20160121
20160711
20160205
20161022
20160817
20160923
20160122
20160522
20160310
20160109
20160601
20161108
20161109
20161020
20160708
20160309
20160922
20160802
20160305
20160914
20160818
20160307
20160412
20160513
20160803
20160903
20160210
20160912
20160224
20160909
20161104
20161109
20161018
20160606
20160901
20160717
20160215
20160619
20160119
20160720
20160113
20160810
20160822
20160618
20160703
20160320
20160221
20160612
20160306
20160410
20160403
20161120
20160402
20161008
20160601
20160422
20160107
20160715
20160312
20160621
20160717
20160515
20160903
20160303
20160713
20160221
20161021
20160508
20160512
20160305
20161021
20160914
20160422
20160715
20160610
20160911
20160922
20160417
20160903
20161006
20160502
20160714
20161003
20160613
20160406
20160214
20160315
20160807
20160809
20160522
20160209
20161008
20161018
20161113
20160818
20160123
20160812
20160614
20160601
20160316
20160722
20160107
20160804
20160921
20160212
20160608
20160512
20160504
20160310
20160412
20160522
20161115
20160107
20160408
20160512
20161005
20160518
20160103
20160805
20160124
20160319
20160517
20161101
20160403
20160222
20160813
20160207
20160316
20160910
20161014
20160316
20160816
20160313
20160516
20160601
20160708
20160914
20160305
20161021
20160317
20160809
20161003
20161106
20160816
20160214
20160722
20160406
20161022
20160308
20161006
20161124
20160211
20161105
20160820
20161005
20160508
20160720
20160214
20160118
20160814
20160912
20160420
20161124
20160619
20160323
20160921
20161005
20160118
20160710
20160406
20160614
20160311
20160822
20161020
20160605
20160423
20160311
20160801
20161120
20160122
20161112
20160319
20161013
20160324
20160220
20160905
20160501
20160301
20160415
20160518
20160307
20160918
20161108
20160621
20160721
20160722
20160324
20160219
20160920
20160313
20161012
20160723
20160607
20160418
20161115
20160903
20160201
20160620
20160422
20160815
20160704
20161102
20161023
20160210
20160713
20160509
20160417
20161017
20160116
20160217
20161121
20161005
20160307
20160512
20160315
20160502
20160220
20160304
20160314
20160912
20160810
20160316
20160121
20160203
20160812
20160401
20160802
20160110
20160109
20160723
20161112
20160210
20160214
20160410
20160901
20160415
20160622
20161008
20160410
20160507
20160918
20160216
20160424
20160804
20160122
20160919
20160620
20160519
20161117
20160909
20160324
20160924
20161014
20160220
20160307
20160321
20160914
20160524
20161112
20160905
20160323
20161116
20161019
20160115
20160724
20160918
20160217
20160219
20160211
20161122
20160706
20160519
20160806
20160524
20160212
20160817
20160810
20160913
20160714
20160601
20160823
20161105
20160205
20160618
20161024
20160709
20160921
20161017
20161023
20160616
20161002
20160316
20160720
20160103
20160223
20160324
20160307
20160205
20161120
20160818
20160119
20160211
20161106
20161021
20160316
20160722
20160617
20160622
20160603
20160808
20160222
20160421
20160324
20161108
20160524
20160610
20160308
20161018
20160523
20160204
20160510
20160703
20160608
20160808
20160305
20160811
20160409
20160918
20160602
20160303
20160612
20161106
20160906
20161016
20160615
20160521
20160308
20160520
20160703
20160707
20160603
20161102
20160504
20160101
20160707
20160806
20160305
20160724
20160721
20161122
20161123
20160813
20160901
20160108
20160920
20160322
20160324
20160904
20161012
20161010
20161009
20160723
20160103
20160611
20160424
20161001
20160917
20161012
20160913
20160814
20160418
20160203
20161018
20160723
20160614
20160412
20161020
20161111
20160207
20161024
20160622
20160119
20160715
20160215
20160223
20160512
20160408
20160414
20161001
20160108
20161024
20160615
20161116
20160612
20160714
20160914
20160603
20161019
20160319
20160414
20160503
20160402
20160208
20160908
20160805
20160720
20160315
20161023
20161108
20160821
20160911
20160616
20160315
20160709
20160306
20161114
20160122
20160318
20160104
20160414
20161112
20160506
20160104
20160109
20161015
20160218
20160318
20160216
20160418
20160420
20160110
20160415
20160423
20160203
20160307
20161116
20160305
20160715
20160205
20160812
20161110
20160120
20160813
20160816
20160602
20160321
20160220
20160212
20160818
20160613
20160421
20161122
20160804
20160724
20160414
20160722
20161024
20160510
20160614
20160112
20161008
20160318
20160122
20160914
20160208
20160520
20160820
20160803
20161014
20160504
20160809
20160708
20161002
20160908
20160713
20160518
20160521
20160712
20160418
20160402
20160704
20160123
20160902
20160520
20160710
20160417
20160917
20160311
20160718
20160505
20160421
20160402
20160506
20160801
20161105
20160124
20160323
20160424
20160708
20160721
20160905
20161011
20160701
20160723
20160215
20160703
20160317
20160212
20160501
20160616
20160403
20160112
20160607
20160706
20160918
20160319
20160803
20160604
20160322
20160124
20160404
20161104
20160105
20161007
20160304
20160813
20161010
20160923
20160405
20160701
20160104
20160222
20160516
20160512
20160101
20160910
20160921
20160516
20160407
20160624
20160205
20160404
20160721
20161023
20160204
20160112
20160101
20160223
20161020
20161008
20161013
20160104
20160219
20160210
20160505
20160306
20160616
20160421
20160604
20160708
20160118
20160212
20160805
20160603
20161012
20160603
20160224
20160103
20160620
20160307
20160611
20160714
20160223
20160812
20161011
20160520
20161008
20160817
20161001
20161017
20160206
20160117
20161005
20160112
20160305
20160705
20160212
20160314
20160522
20160623
20160303
20160813
20160603
20160513
20160124
20160902
20160102
20161003
20161108
20160710
20160319
20160721
20160805
20160212
20160111
20160614
20160812
20160105
20160305
20160417
20160317
20161001
20160807
20160518
20160801
20160221
20160107
20160421
20160703
20161003
20160617
20160902
20160323
20160101
20160515
20160403
20160419
20160901
20160107
20160520
20160714
20160310
20160706
20160624
20160909
20160816
20160806
20160717
20160613
20160120
20160419
20161121
20160813
20160607
20160719
20160205
20160824
20160623
20160614
20160910
20160419
20160915
20160604
20160114
20160711
20160222
20161006
20160211
20160303
20161112
20161113
20160604
20160414
20160313
20160122
20160616
20160107
20160908
20160821
20160224
20160916
20160511
20160424
20160313
20161109
20160101
20160204
20161114
20161024
20161102
20160316
20160516
20160219
20160712
20161012
20160503
20161010
20160612
20160704
20160824
20160703
20160716
20160212
20160715
20160711
20160911
20160601
20161108
20161005
20160517
20161114
20160503
20160904
20160318
20161115
20160424
20160517
20160705
20161120
20160222
20160913
20160222
20160218
20160106
20160520
20160603
20160705
20160308
20160709
20160309
20161019
20161020
20160107
20160205
20160303
20161106
20160910
20160118
20161103
20160223
20161114
20160708
20160610
20160724
20160319
20160411
20160314
20160624
20160306
20160602
20160905
20160219
20160309
20160511
20161104
20160919
20160507
20160922
20160518
20160112
20160913
20160607
20160505
20160312
20160321
20161122
20160304
20160213
20160110
20160322
20160913
20160319
20160604
20161107
20160223
20160821
20160922
20161104
20161115
20160416
20161011
20161124
20161019
20161022
20160808
20160905
20160902
20160522
20160618
20160914
20160306
20160514
20160106
20160512
20160717
20160806
20160622
20160101
20160115
20161123
20160421
20160514
20160611
20160324
20161124
20160524
20160912
20160612
20160519
20160105
20160514
20160520
20160918
20160721
20161101
20161117
20160702
20160803
20160211
20160807
20160702
20160305
20160924
20160112
20161002
20160403
20160201
20160103
20160514
20160622
20160216
20160516
20161117
20161023
20161105
20160713
20160508
20161023
20161113
20160224
20161119
20160922
20160620
20160301
20161119
20160113
20160917
20160413
20160918
20160702
20160403
20160620
20160402
20160413
20160418
20160314
20160501
20160122
20160609
20160210
20161119
20160607
20161106
20160719
20160816
20160702
20160906
20160118
20160811
20161123
20161124
20161007
20160521
20160505
20160207
20160512
20160608
20160820
20160421
20160820
20160109
20161104
20160216
20160813
20160119
20161014
20160901
20161011
20160224
20161007
20160109
20160220
20160713
20160202
20160610
20161113
20161118
20160912
20160223
20160215
20160106
20160404
20160404
20160603
20160501
20161008
20160624
20161009
20161106
20161114
20160808
20160124
20160403
20160421
20160405
20160712
20161014
20160612
20160503
20160519
20160112
20160507
20160901
20160503
20160322
20160401
20161004
20161109
20160401
20161113
20160114
20160713
20160218
20161124
20160815
20160114
20160524
20160214
20160721
20160807
20160520
20160818
20161022
20160511
20161109
20160418
20160814
20160805
20160713
20161021
20160524
20160805
20160817
20160514
20160408
20160412
20160613
20160620
20160324
20160719
20160422
20160910
20160304
20160612
20160105
20160705
20160218
20161104
20160817
20160508
20160511
20160108
20161122
20161006
20160703
20160405
20161004
20160106
20160115
20160206
20160111
20160615
20160616
20160608
20160511
20161101
20161108
20160615
20160511
20160203
20161122
20160506
20160819
20160803
20160119
20160210
20160820
20160204
20160410
20160722
20161110
20160915
20160620
20160609
20161109
20160208
20160716
20160515
20160620
20161106
20160104
20160916
20160310
20160708
20160616
20161010
20160814
20160201
20160424
20160519
20161018
20160218
20160401
20160409
20160715
20160821
20160314
20160717
20160409
20160307
20160316
20160319
20160520
20160108
20160601
20160904
20161004
20161121
20160602
20160223
20160321
20160609
20160205
20160806
20161012
20160907
20160815
20160522
20161023
20160219
20160105
20160219
20160314
20160219
20160618
20161102
20160324
20161013
20160624
20160318
20160103
20160613
20161107
20160823
20160722
20160915
20160319
20161101
20160307
20160106
20160610
20160910
20160619
20160408
20160620
20160119
20160322
20160218
20160907
20160114
20160115
20161112
20160210
20160822
20160701
20160322
20160721
20160216
20160805
20160213
20160605
20160314
20160416
20160903
20160909
20160723
20160209
20160107
20160224
20160402
20160713
20160409
20160211
20160418
20160305
20161106
20160715
20160923
20160910
20160423
20160202
20161110
20160521
20160309
20160320
20160316
20160308
20160911
20160102
20160922
20161121
20160718
20161009
20160518
20160822
20160807
20161022
20160814
20160411
20160218
20160817
20161002
20160510
20161114
20160611
20160723
20160703
20160803
20160705
20160510
20160218
20160715
20160223
20160507
20160722
20161118
20160803
20160404
20160408
20160201
20160414
20160424
20161107
20160602
20160609
20160903
20160623
20160323
20160605
20160804
20160908
20160211
20160907
20160907
20160112
20160621
20160705
20161003
20160310
20160502
20160602
20160702
20160407
20160515
20160401
20160219
20161115
20161118
20160904
20160105
20161115
20161102
20160312
20160808
20160217
20160903
20160423
20160805
20160108
20160603
20160513
20160305
20160822
20160115
20160408
20160513
20160918
20160611
20160405
20160109
20160321
20160215
20160302
20160917
20160401
20160314
20160301
20160111
20160322
20161101
20160615
20160911
20160516
20160824
20161005
20160611
20160913
20160416
20161119
20160118
20160410
20160208
20160505
20160316
20160109
20160708
20161015
20160824
20160518
20160103
20160720
20160614
20161121
20161112
20160502
20160823
20161019
20160703
20160818
20160416
20161019
20160921
20160516
20160319
20160311
20161121
20160501
20160319
20161105
20160804
20160814
20160317
20161104
20160817
20160904
20161115
20160212
20160605
20160810
20160813
20160808
20160412
20160304
20161104
20160802
20160518
20161105
20160723
20160611
20160505
20160101
20160204
20160518
20160519
20161015
20160103
20160802
20160513
20160707
20160603
20161004
20160308
20160607
20160822
20160613
20160312
20160604
20160101
20160624
20160619
20160921
20160610
20160717
20161022
20160405
20160317
20160116
20160806
20160707
20160210
20160918
20160224
20160724
20160603
20160214
20161017
20161119
20160509
20160418
20160601
20160716
20160408
20161124
20160701
20160304
20160512
20160302
20160410
20160118
20160308
20160707
20161001
20160501
20161109
20160807
20160110
20160407
20160323
20160522
20160912
20160912
20160220
20160503
20160423
20160614
20160518
20161101
20160901
20161122
20161119
20161012
20161020
20160111
20160313
20160523
20160321
20160722
20161118
20160307
20160307
20160916
20160713
20161017
20161017
20160606
20161114
20160104
20160721
20160502
20160521
20160803
20160502
20160215
20160624
20160702
20160123
20160220
20160802
20160719
20161020
20161107
20160702
20160815
20160924
20160421
20160314
20160703
20160118
20160318
20161011
20160508
20160310
20160318
20160508
20160922
20160619
20160503
20160721
20161016
20160915
20160323
20160917
20160115
20160922
20160706
20160403
20161120
20160824
20160419
20160306
20160810
20160205
20160513
20160902
20160408
20161123
20160802
20160519
20160119
20160108
20161103
20160416
20160405
20160523
20160111
20160111
20160613
20160102
20160602
20160316
20160424
20160505
20160411
20160915
20160216
20161019
20160621
20160307
20160510
20160119
20160711
20160413
20160812
20160913
20160505
20160620
20160819
20161001
20160703
20160101
20160321
20160621
20160519
20160824
20160801
20160421
20161001
20160705
20160918
20160417
20160716
20160322
20161019
20161024
20160520
20160316
20160718
20161005
20160920
20160324
20160106
20161023
20160923
20160607
20160912
20160317
20160321
20160605
20160621
20160502
20160309
20161023
20160504
20160516
20161011
20160321
20161114
20160619
20160719
20160814
20160303
20160210
20160417
20160118
20161012
20160118
20160216
20161122
20160708
20160220
20160805
20160421
20160508
20160815
20161104
20160922
20160715
20160513
20160902
20161110
20161103
20160624
20160914
20160702
20160924
20161023
20160921
20160401
20160619
20160219
20161013
20160703
20160304
20160412
20160424
20160914
20160619
20160217
20160204
20160806
20160822
20161118
20160906
20160502
20160622
20160105
20160308
20160213
20160403
20160108
20160618
20160405
20160302
20161115
20160902
20160616
20160608
20160416
20161023
20160420
20160510
20160621
20161115
20160701
20160210
20160824
20160303
20160108
20161112
20160121
20161118
20160806
20160507
20160323
20160806
20160605
20160323
20160511
20160524
20160924
20161019
20161115
20161012
20160611
20160324
20161020
20160906
20160812
20160909
20161007
20160121
20160713
20160519
20160302
20160920
20160519
20160513
20160519
20161102
20160217
20161023
20161114
20160516
20160404
20160612
20160519
20160901
20160609
20160702
20160624
20160403
20160204
20160718
20160707
20160924
20160606
20160503
20160619
20160322
20160823
20160611
20160622
20160210
20161009
20160213
20161003
20161004
20161015
20161012
20160213
20161021
20160604
20160619
20160814
20160505
20160817
20161012
20160304
20160111
20160416
20160410
20160912
20160406
20160508
20160609
20160322
20160305
20161106
20160907
20160320
20160805
20160823
20160222
20160603
20160124
20160909
20161117
20160218
20160324
20160520
20160111
20160608
20160601
20161116
20160702
20160820
20160316
20160615
20160421
20161008
20160205
20160320
20160814
20160907
20161002
20161012
20160102
20160708
20160716
20160605
20160901
20160104
20161011
20160402
20160102
20161114
20160207
20160722
20160116
20160620
20161119
20161014
20161001
20161004
20160118
20160604
20160407
20160406
20160222
20160113
20160422
20160711
20161104
20160224
20160319
20160610
20160604
20160604
20160813
20161123
20160118
20160524
20161007
20160117
20161123
20161004
20160118
20160502
20160603
20160701
20161106
20160421
20160817
20160203
20161006
20160519
20160921
20160503
20160314
20160912
20160907
20160308
20160907
20160203
20160508
20160824
20160717
20160220
20160505
20160522
20160512
20161105
20160924
20160806
20160703
20160901
20160520
20160105
20160105
20160920
20160315
20160716
20161007
20160222
20161114
20160719
20160920
20161010
20160321
20160202
20160221
20161108
20160707
20160224
20160804
20161017
20160214
20161008
20160622
20160917
20160113
20160512
20161021
20160907
20160423
20161021
20160618
20160809
20161024
20160915
20160705
20160817
20160924
20160911
20160824
20161023
20160110
20160417
20160917
20160122
20160112
20160222
20160317
20160715
20160608
20160823
20160809
20160509
20160823
20160823
20160712
20161012
20160708
20160609
20160123
20160906
20160104
20160110
20160617
20160403
20160922
20160702
20161009
20160508
20160418
20160705
20160215
20160919
20160715
20160116
20160207
20161016
20160205
20160716
20160715
20160704
20160719
20160615
20160512
20161006
20161117
20160310
20160408
20161110
20160804
20160313
20160404
20160310
20160504
20160604
20161116
20160620
20160211
20160102
20161016
20160817
20160310
20160405
20160910
20160411
20160319
20160807
20160113
20160514
20160513
20161115
20160221
20160204
20160716
20160914
20161013
20160107
20160319
20160515
20160512
20160217
20161102
20160319
20160715
20160821
20160619
20160103
20160605
20160320
20160209
20161102
20160402
20160915
20160717
20160422
20160911
20160115
20160717
20160402
20160817
20161016
20160710
20160423
20160223
20160217
20160120
20160920
20160223
20160723
20161017
20160105
20160214
20160216
20160408
20160606
20161120
20160406
20161101
20160908
20160608
20160709
20160806
20160512
20160822
20160912
20160515
20160624
20161017
20160105
20160416
20160516
20160915
20160324
20161115
20160610
20160218
20160306
20160917
20160421
20161110
20160917
20161014
20160101
20160506
20161005
20160823
20161024
20160520
20160407
20160315
20160911
20160909
20161113
20160811
20160302
20160621
20161008
20160424
20160513
20160924
20160210
20161121
20160202
20161114
20161019
20160521
20161004
20161116
20160301
20161118
20160823
20161116
20160108
20161015
20160422
20161023
20160921
20160714
20160411
20160616
20160621
20160502
20161116
20160214
20160224
20160523
20160402
20160902
20160606
20160405
20160418
20160407
20160915
20160312
20160614
20160307
20160801
20160106
20160421
20160422
20160907
20160603
20160508
20160905
20160220
20161124
20160509
20161123
20160217
20160601
20161002
20160216
20160101
20160223
20161112
20160311
20160908
20160221
20160208
20161023
20160806
20160511
20160404
20160512
20160216
20160823
20160103
20160801
20160313
20160920
20160205
20161122
20160118
20161104
20160805
20160210
20160512
20160917
20161018
20160905
20160723
20160204
20160905
20160512
20160921
20161009
20160206
20160904
20160601
20160508
20160819
20160201
20160602
20160608
20160505
20160103
20161111
20160319
20161108
20160803
20160917
20160111
20160307
20160611
20160618
20160622
20160202
20160521
20160424
20160706
20160806
20160810
20160204
20160605
20160918
20161015
20160118
20160319
20160507
20160712
20160121
20160511
20160708
20160412
20160216
20160524
20160622
20160105
20160917
20160521
20160223
20161114
20160515
20160216
20160419
20160603
20160516
20160418
20160110
20160218
20160411
20160104
20160520
20160321
20160307
20160222
20160510
20160820
20161112
20160908
20161122
20161107
20161108
20160312
20160714
20160607
20161114
20160114
20160614
20160303
20160414
20160515
20161103
20160519
20160303
20161009
20160824
20161109
20160116
20160307
20160815
20160305
20160111
20160202
20161004
20160312
20160719
20160712
20161012
20160707
20160807
20160704
20161013
20160123
20160419
20160812
20160818
20160605
20160105
20160317
20160116
20160905
20161123
20160503
20160104
20161107
20160324
20160201
20160624
20160401
20160423
20161118
20160621
20160512
20160520
20160810
20161003
20160204
20161106
20161103
20160516
20160315
20160524
20160724
20160612
20160113
20160911
20160823
20160611
20160105
20161019
20160522
20160724
20160919
20160401
20160406
20160424
20160104
20160924
20160703
20160616
20160206
20160102
20160220
20160918
20161101
20160209
20160119
20160211
20160705
20161104
20160404
20161004
20160710
20160107
20160321
20160806
20160902
20160405
20160621
20160706
20160616
20160901
20160709
20160806
20160403
20160620
20160119
20161118
20160410
20161016
20161003
20160608
20160405
20160621
20161003
20160909
20160523
20160217
20161011
20160211
20160713
20160902
20160623
20160709
20160812
20160924
20160905
20161123
20161006
20161004
20160207
20160104
20160322
20160907
20161005
20160820
20160219
20161016
20160417
20160706
20161106
20160113
20160503
20161017
20161024
20161011
20160912
20160206
20161119
20160702
20160623
20160206
20160713
20160512
20160207
20160721
20160423
20160221
20160723
20161012
20160618
20160705
20160319
20160823
20160605
20160902
20161108
20160207
20161018
20160717
20161022
20160310
20160419
20160219
20160511
20160113
20160624
20160218
20160104
20160201
20160323
20161003
20160508
20160317
20160217
20161123
20160802
20161108
20161009
20161113
20160719
20160321
20160619
20160117
20160922
20160921
20161119
20160111
20161008
20160308
20161014
20160802
20160903
20160617
20160409
20160101
20160919
20161114
20160120
20160810
20160201
20160803
20161022
20160324
20160418
20161005
20161017
20160124
20160110
20161013
20160915
20160114
20160903
20161002
20160623
20160520
20160210
20160412
20160415
20160714
20161001
20160313
20160518
20160809
20160312
20160310
20160920
20160719
20160304
20161015
20160708
20160406
20160701
20160716
20160202
20160203
20160913
20161123
20160816
20160105
20160314
20161106
20161007
20160701
20160514
20160203
20160121
20160918
20160606
20160205
20160321
20160312
20160119
20160912
20160314
20160906
20161010
20161120
20160901
20160722
20160902
20161006
20160506
20160211
20161006
20160313
20160414
20161114
20160612
20160617
20160422
20160820
20160717
20160121
20161015
20160618
20160710
20160609
20160204
20160307
20160906
20160408
20160103
20161022
20160918
20161024
20160412
20160121
20160508
20160415
20160719
20161102
20160101
20160907
20160422
20160323
20160820
20160204
20161105
20160211
20160523
20161121
20160714
20160418
20160723
20161104
20160411
20160316
20160221
20160803
20160816
20160108
20160120
20160212
20160215
20160602
20160110
20161007
20160312
20160603
20160414
20160223
20160710
20160423
20161022
20161122
20160909
20160810
20160120
20160117
20160805
20160410
20161113
20160303
20160623
20161101
20160403
20160810
20160420
20160503
20160512
20160717
20160111
20160904
20161113
20160721
20161016
20160604
20160303
20160312
20161111
20160418
20161105
20160618
20160619
20160820
20160213
20160413
20160723
20160924
20160604
20161017
20160616
20160203
20161002
20160501
20161113
20160110
20161018
20160221
20160906
20161105
20160722
20160121
20160922
20160620
20160817
20160604
20161022
20160303
20160823
20160314
20160106
20160415
20160623
20161001
20160320
20160617
20160624
20161003
20160715
20160509
20160924
20161119
20160707
20160217
20160822
20160821
20160419
20160802
20160412
20160505
20160424
20161008
20160918
20161111
20160905
20160603
20161003
20161110
20160503
20160312
20161021
20160410
20160412
20160409
20160713
20160104
20160105
20160810
20160314
20160314
20161119
20161121
20160522
20161107
20160106
20160114
20160606
20160316
20160101
20160109
20161019
20160824
20160610
20160501
20160904
20160423
20160504
20160101
20160510
20160407
20160419
20160924
20160609
20161101
20161018
20160221
20160205
20160423
20160916
20161004
20160313
20160922
20160722
20160417
20160909
20160916
20160520
20161010
20160115
20160302
20161001
20160112
20160523
20160913
20160724
20160801
20160814
20161101
20160920
20160320
20160303
20160520
20160510
20160712
20160406
20160910
20160603
20160313
20160318
20160218
20160122
20160416
20160202
20160803
20160118
20160815
20160111
20160319
20160301
20160816
20160423
20160924
20160212
20160921
20161121
20160218
20160323
20161101
20160722
20160108
20160624
20160110
20161115
20160905
20160912
20160620
20160422
20160801
20160608
20160505
20160610
20161023
20160711
20160812
20161022
20160605
20160901
20161011
20160604
20160916
20160107
20160905
20161104
20160920
20160117
20161001
20160210
20160122
20161106
20161121
20161013
20161111
20161021
20160102
20160524
20160205
20160116
20160919
20160402
20160918
20160319
20160516
20160524
20160812
20160224
20160419
20160919
20160918
20160105
20160103
20160824
20160702
20160914
20161010
20160316
20161117
20160106
20160606
20160803
20160504
20160106
20160912
20160107
20160304
20161010
20160611
20160407
20160906
20160720
20160220
20160420
20160724
20160306
20160614
20160213
20160623
20160621
20160522
20160109
20160317
20160323
20160612
20160703
20160220
20161111
20160309
20161002
20160602
20161012
20161102
20160404
20160421
20160313
20160621
20160519
20161114
20160713
20160916
20161102
20160202
20160903
20161116
20160511
20160508
20160412
20160621
20160405
20160903
20160606
20160509
20160709
20161007
20160111
20160323
20160617
20160905
20160719
20160324
20160309
20160111
20160401
20161101
20160912
20161124
20160301
20160616
20160204
20161021
20160105
20160103
20160922
20160904
20160301
20161013
20160302
20160401
20160512
20161024
20160723
20160915
20160917
20160105
20160315
20160120
20160422
20160117
20160220
20161003
20161110
20160915
20160324
20160813
20160812
20161012
20161104
20160505
20160722
20160624
20161103
20161001
20160214
20160809
20160723
20160318
20160205
20161001
20160101
20160401
20160818
20160801
20161104
20161007
20160706
20160521
20160901
20160424
20160403
20160112
20160208
20160219
20160711
20161017
20160215
20160405
20160812
20160219
20160712
20160624
20160519
20161123
20160806
20160112
20160616
20160713
20160407
20160205
20160323
20161002
20161118
20160820
20160120
20160905
20160214
20161111
20160411
20160810
20160721
20160811
20160112
20160212
20160304
20160417
20160417
20161003
20160912
20160111
20160722
20160416
20160421
20160805
20160506
20161006
20160617
20160817
20160819
20160312
20161007
20160311
20160519
20160808
20161003
20160703
20160603
20160409
20160308
20161107
20160519
20160911
20160817
20160316
20160814
20160801
20160610
20160519
20160708
20161008
20160102
20160605
20160410
20161120
20160422
20160911
20160704
20160719
20160523
20161005
20160519
20160121
20160220
20160406
20160116
20160905
20160401
20160508
20160604
20160121
20160301
20160910
20161006
20160307
20160103
20161113
20160609
20160101
20160621
20160716
20161015
20161103
20160906
20160715
20160922
20160209
20160111
20160720
20160407
20160218
20160901
20161022
20160218
20160609
20160806
20160819
20160524
20160407
20160504
20160618
20161019
20161104
20160204
20160223
20160818
20160301
20160618
20160721
20160410
20160803
20160207
20160303
20161119
20160722
20160609
20160921
20160606
20161104
20161009
20160706
20160203
20160921
20160603
20160508
20160421
20160209
20160216
20160410
20160513
20160622
20160308
20160206
20161020
20160102
20161121
20161003
20160413
20160301
20160620
20160713
20160609
20160913
20160704
20160503
20161116
20160522
20160418
20160201
20161102
20160224
20160911
20160515
20160116
20160910
20161105
20160403
20160307
20160602
20160505
20160201
20160714
20160117
20160817
20161122
20160613
20160923
20161005
20160224
20160520
20161122
20160621
20160913
20161002
20160403
20160707
20160411
20160512
20160521
20160224
20160623
20160802
20160418
20160911
20160411
20161009
20160517
20160505
20160606
20160608
20161002
20161121
20161106
20161019
20160112
20160301
20161120
20160703
20161112
20160117
20161115
20160618
20160523
20160924
20160917
20160423
20160912
20160422
20160710
20160817
20160618
20160906
20161110
20160402
20160221
20160723
20160515
20160218
20160608
20160218
20160808
20160908
20160918
20160503
20160520
20160815
20160617
20160424
20161107
20160720
20160608
20160608
20160420
20160204
20160719
20160612
20160503
20160324
20160206
20160115
20161015
20160205
20160508
20160212
20160107
20160720
20161102
20161021
20160919
20160224
20161110
20160401
20161104
20161113
20160921
20161002
20160813
20160421
20160201
20160914
20160308
20160106
20161111
20160801
20160917
20160616
20160512
20160804
20160723
20160305
20160507
20161009
20160204
20160619
20160715
20160116
20160214
20160509
20161023
20160423
20160403
20160716
20161018
20160917
20160712
20160402
20160303
20160322
20160423
20161116
20160822
20160324
20160906
20160205
20160912
20160411
20160119
20161023
20160422
20161007
20160106
20161118
20160506
20160711
20160215
20161116
20161008
20160822
20161005
20161112
20161124
20161115
20161122
20161103
20160714
20160312
20160110
20160219
20160322
20160403
20161016
20160916
20161107
20160519
20160814
20160821
20160516
20160817
20160608
20160508
20160606
20161119
20160724
20160518
20160512
20160418
20160510
20160313
20160311
20160211
20160405
20160102
20160708
20160321
20160211
20160402
20160612
