20160504
20160516
20160422
20160604
20161122
20161115
20161112
20160311
20161024
20160918
20161102
20160512
20160412
20161012
20160615
20160919
20161021
20160424
20160114
20160404
20160110
20160207
20161007
20160604
20160504
20160608
20160702
20160417
20160105
20160102
20160404
20160520
20160308
20160103
20161107
20160402
20160404
20161010
20161107
20160702
20160112
20160210
20160720
20160522
20160501
20160315
20160702
20161116
20160304
20160213
20161024
20160820
20160115
20160101
20160110
20160119
20160420
20160412
20160920
20160705
20161006
20160915
20160619
20160403
20161015
20160713
20160919
20160110
20161022
20160507
20160413
20160804
20160221
20160601
20160122
20160812
20160305
20160615
20160218
20160512
20160622
20160319
20161101
20160809
20160224
20160104
20160904
20160903
20160220
20160805
20160523
20160620
20160219
20160316
20160914
20160709
20160808
20160916
20160602
20160810
20160501
20160121
20160513
20161104
20160624
20161004
20160405
20161017
20160611
20161014
20161105
20161012
20161017
20160707
20161120
20160202
20160118
20160215
20160117
20160903
20161109
20161105
20160622
20161122
20160403
20160515
20160615
20161022
20160922
20160521
20161114
20160410
20160508
20160313
20160213
20160417
20160401
20160313
20160722
20160606
20160405
20160524
20160806
20161112
20160216
20160417
20160501
20160501
20160517
20160903
20160101
20160624
20161123
20160210
20161115
20160723
20160404
20160920
20160204
20160724
20160404
20160407
20160821
20160618
20160115
20160712
20160504
20160520
20160724
20160101
20161002
20160609
20160102
20160311
20160211
20160305
20160212
20160821
20160419
20160409
20160611
20160521
20160119
20161107
20161101
20160418
20161023
20160702
20160920
20160605
20160118
20160111
20160111
20160522
20160905
20161105
20161003
20160408
20160318
20160116
20160519
20160420
20160307
20160108
20160423
20160623
20160203
20160406
20160305
20161116
20160904
20160114
20160818
20161013
20160613
20160815
20160402
20160522
20160919
20160306
20160220
20160521
20160609
20161108
20160808
20160310
20160711
20160422
20160514
20160313
20160412
20160312
20160112
20161104
20160803
20160421
20160324
20160321
20160204
20161102
20160410
20160104
20160208
20160822
20160204
20160112
20161011
20160323
20161016
20160818
20160823
20160703
20160211
20160520
20160218
20160613
20160102
20160701
20160519
20160308
20160514
20160321
20160711
20160905
20160406
20160811
20160418
20161103
20160418
20160112
20161112
20160717
20160308
20160811
20160207
20160523
20160520
20160617
20160813
20160106
20160518
20160720
20160614
20160706
20161012
20160615
20160408
20160703
20160224
20160504
20160112
20160905
20160802
20160613
20160606
20160613
20160509
20160805
20160719
20161119
20160308
20160613
20160605
20160709
20160606
20161020
20160114
20160802
20160705
20160309
20160403
20160319
20160711
20160501
20160104
20161003
20161108
20160324
20160214
20160119
20160824
20160519
20160819
20160108
20161101
20160522
20160206
20160601
20161114
20160711
20160820
20160715
20160209
20160320
20161020
20161012
20160318
20160516
20161005
20160405
20160215
20160419
20160314
20161007
20160717
20161024
20160804
20160204
20160715
20160914
20160907
20160122
20161102
20160822
20160102
20160414
20160418
20161116
20161017
20160507
20160918
20160116
20160117
20160620
20160617
20160822
20160115
20160704
20160117
20160703
20160918
20160103
20161003
20160321
20161104
20160613
20160303
20160511
20160603
20160623
20160102
20160812
20160601
20161023
20160702
20160203
20160501
20160318
20160208
20160213
20160207
20160713
20160922
20160311
20160320
20160201
20160424
20160113
20160608
20160907
20161119
20160607
20161014
20160919
20160123
20160518
20160121
20160208
20161015
20161017
20160205
20160105
20160505
20160908
20160211
20160512
20161022
20160607
20160124
20160402
20160302
20160124
20160922
20160409
20160517
20160604
20160411
20160108
20161108
20160122
20160602
20160524
20160811
20160122
20160707
20160410
20160224
20160910
20161112
20160211
20161005
20161012
20160909
20160214
20160609
20161109
20160321
20160209
20160503
20160814
20160307
20161011
20160718
20161011
20160817
20160811
20161009
20160617
20160824
20160323
20160620
20160717
20160723
20160301
20161010
20160201
20160524
20160323
20161105
20160406
20160501
20160714
20160104
20160604
20160311
20160605
20160517
20160201
20160702
20160518
20161024
20160407
20160823
20160404
20160814
20160512
20160403
20160512
20160603
20160107
20160514
20160414
20160523
20160401
20160424
20161023
20160602
20160112
20160219
20160213
20160706
20160313
20161105
20160218
20160114
20160408
20161109
20160814
20160811
20160215
20160204
20160612
20161001
20160706
20160524
20160311
20160101
20160501
20161122
20160324
20160815
20160806
20160212
20160605
20160620
20161109
20160323
20160624
20160410
20161106
20160413
20160812
20160512
20160405
20161005
20160424
20160514
20160117
20160105
20160916
20160807
20161009
20160820
20160714
20160307
20160921
20160806
20160122
20160314
20161018
20160918
20161020
20160713
20160101
20161108
20160818
20161023
20160118
20160215
20161105
20161109
20161102
20160604
20160606
20161001
20160406
20160806
20160108
20160612
20160303
20161116
20160917
20160117
20160111
20161109
20161021
20160418
20160114
20160620
20160119
20161122
20161011
20160624
20160102
20160109
20160905
20160610
20160510
20160323
20160423
20160216
20160802
20160415
20161120
20160820
20160311
20161113
20160903
20160702
20160207
20160509
20161007
20160206
20161010
20160916
20160112
20160101
20160521
20160412
20160221
20160717
20160110
20160624
20161013
20160402
20160910
20160718
20160110
20161006
20160817
20161118
20160724
20160406
20160208
20160922
20160809
20160514
20160901
20161119
20160522
20161104
20160602
20160218
20160315
20160412
20160504
20161023
20160817
20161017
20160602
20160121
20160118
20161013
20160820
20160106
20160705
20160504
20160915
20160111
20160211
20160915
20161110
20161121
20161013
20160320
20160106
20161009
20160123
20160708
20160101
20160605
20160515
20161111
20160214
20161121
20161118
20160710
20161007
20160201
20160617
20160811
20160419
20160202
20160808
20160222
20160507
20160516
20160518
20161021
20160704
20161013
20160308
20161123
20160804
20160705
20160520
20160906
20160712
20160209
20160715
20160910
20161004
20160109
20160103
20160715
20160803
20161003
20160618
20160407
20160509
20160110
20160508
20160522
20160411
20161020
20160503
20161010
20160210
20160119
20161007
20160920
20160118
20160706
20160112
20161110
20160315
20161001
20160520
20160721
20160916
20160108
20160411
20160102
20160710
20161115
20160322
20160105
20160317
20160907
20160308
20160203
20160913
20161111
20160301
20161013
20160409
20160816
20160417
20160412
20160222
20161018
20161001
20160906
20161012
20160217
20160803
20161109
20160616
20160418
20160508
20160108
20160619
20160615
20160320
20161018
20160113
20160805
20160618
20160222
20160113
20160119
20160717
20160421
20160604
20160808
20160515
20161107
20160808
20161011
20161020
20160717
20160410
20160807
20160313
20160603
20160306
20161007
20160907
20160402
20161012
20160216
20161013
20161115
20160311
20161004
20161114
20160124
20160711
20160420
20160401
20160406
20160210
20160713
20160803
20160214
20161115
20160116
20160115
20161003
20161118
20160704
20160821
20160607
20160621
20160216
20160415
20160506
20160408
20160103
20160201
20160714
20160519
20161108
20160507
20160804
20161004
20160618
20160503
20160602
20160421
20160101
20161019
20161004
20160314
20161018
20160211
20160816
20160611
20160302
20161014
20160413
20160602
20160615
20160302
20160906
20161008
20160718
20160814
20160912
20160520
20160118
20160514
20160409
20160806
20160722
20160819
20161015
20160723
20160901
20160211
20160601
20161118
20160523
20160601
20160903
20160924
20160302
20160822
20160803
20160221
20160810
20160801
20161102
20160913
20160617
20160710
20160902
20161005
20160617
20160611
20160910
20161021
20160523
20160409
20160914
20160513
20160801
20161018
20160514
20160611
20161116
20161104
20160720
20160808
20160424
20160818
20160124
20160402
20161020
20160803
20160404
20160314
20161008
20160910
20161014
20160402
20160918
20161019
20160506
20160421
20160211
20160310
20160204
20160108
20160607
20160610
20160623
20160210
20160514
20160303
20160710
20160610
20160209
20160501
20160109
20160608
20160110
20160210
20160814
20160612
20161017
20160320
20160223
20160820
20160408
20161120
20160222
20160522
20160809
20160301
20160210
20160717
20160209
20160805
20160119
20160904
20160421
20160513
20160113
20161018
20160203
20160701
20160911
20160803
20161011
20160810
20160914
20160212
20160201
20160216
20160913
20160906
20161002
20160813
20160704
20160102
20160423
20160921
20160516
20160918
20161105
20160423
20160106
20160314
20161113
20160314
20160202
20161112
20161106
20160502
20160715
20160412
20160709
20160501
20160206
20160814
20161124
20160209
20160513
20160702
20160914
20160612
20160810
20160717
20160118
20161117
20160420
20160502
20160905
20160218
20160620
20160306
20160916
20160721
20160622
20160215
20160424
20161020
20160609
20160822
20160209
20160518
20160904
20161110
20160918
20160306
20160717
20161007
20160702
20160715
20160710
20160213
20160124
20160110
20160423
20160714
20160616
20161123
20160901
20160203
20160101
20161122
20160712
20161111
20160714
20161011
20160304
20160506
20161104
20160123
20161101
20160504
20160805
20160617
20160618
20160924
20161107
20160316
20160818
20160515
20161107
20160920
20160108
20160907
20160520
20160111
20160308
20160318
20160601
20161012
20160409
20160924
20161112
20160622
20160707
20160113
20160813
20160318
20160106
20160720
20160401
20161023
20160310
20160318
20160802
20160721
20160123
20160901
20160808
20160113
20160217
20161110
20160309
20160310
20160204
20160720
20160918
20160111
20160110
20160419
20160112
20161006
20160109
20160401
20161012
20160411
20160903
20160121
20160324
20160106
20160722
20160203
20161007
20161002
20160502
20160808
20160102
20160908
20160820
20161004
20160323
20160609
20161004
20160517
20160307
20160505
20160306
20161019
20160502
20160308
20160408
20160224
20161002
20160123
20160823
20161022
20160916
20160702
20160618
20160106
20160601
20160419
20160107
20160818
20161102
20160923
20161122
20160111
20160615
20161104
20160703
20160301
20160520
20161024
20160917
20160309
20160621
20160118
20161015
20160706
20160106
20160708
20160601
20161003
20160117
20160918
20160908
20160212
20160309
20160816
20161104
20160817
20160101
20160413
20160124
20160112
20160305
20161105
20160206
20160915
20160418
20160618
20160114
20161018
20160309
20160113
20160209
20160405
20160101
20160602
20160522
20160308
20160214
20160117
20160317
20161001
20160822
20160915
20160907
20160704
20160409
20160712
20160307
20160803
20160718
20160717
20160703
20160707
20160915
20160211
20160922
20160120
20160912
20160511
20160810
20160704
20160720
20160516
20161013
20160805
20160209
20160516
20160521
20160524
20160422
20160804
20160512
20161022
20160805
20160918
20161019
20160613
20160505
20160718
20160806
20160907
20160807
20160810
20160206
20161112
20160406
20161001
20160524
20160406
20160505
20160814
20160824
20161123
20160711
20160817
20160622
20160805
20160802
20160106
20160524
20161019
20161010
20160812
20160701
20161011
20160204
20160216
20160924
20160523
20161103
20160318
20160620
20160408
20160717
20160907
20160315
20160202
20160411
20160607
20160102
20160324
20160321
20161107
20160507
20160401
20160714
20160923
20160513
20160516
20160212
20160517
20160623
20160618
20160524
20160911
20160317
20160420
20160520
20160302
20160816
20161101
20160610
20161004
20160606
20160605
20160316
20160108
20160317
20160201
20160905
20160611
20160210
20160111
20160916
20160713
20160812
20161109
20160114
20160111
20160622
20160801
20161101
20160603
20161101
20160419
20160905
20160622
20160518
20161004
20161116
20161001
20160322
20160708
20160723
20160514
20160306
20160705
20160306
20160523
20160412
20160819
20160312
20160205
20160421
20160702
20161118
20160124
20160105
20160112
20160404
20161116
20160808
20160514
20160704
20160205
20161019
20160920
20160716
20160216
20161101
20160701
20160115
20160409
20160605
20161115
20160617
20160907
20160621
20160116
20160916
20160410
20160522
20161001
20160322
20160505
20160917
20160206
20161106
20160220
20160510
20160722
20161022
20160217
20160724
20161005
20160813
20161115
20160902
20160620
20160110
20160209
20161002
20160219
20160316
20161113
20161010
20160801
20160418
20160309
20160110
20160402
20160315
20160303
20160605
20161020
20160712
20160503
20161013
20160315
20160612
20161024
20161119
20161120
20160320
20161117
20160619
20161124
20160320
20160523
20160412
20160719
20160921
20160410
20160320
20160721
20160920
20161005
20160310
20160702
20160607
20160404
20161105
20160609
20160713
20161013
20160310
20160817
20161108
20161109
20160621
20161102
20160712
20160913
20160703
20160423
20161114
20160712
20161023
20160518
20160120
20160224
20160120
20160612
20160401
20160610
20160417
20160722
20160123
20160509
20160116
20160104
20160608
20161105
20160207
20161011
20160110
20160806
20160508
20160922
20160205
20160103
20160713
20160408
20160402
20160202
20160521
20160506
20160311
20160522
20161019
20160904
20160423
20160414
20160719
20161117
20161102
20160107
20160103
20160109
20160907
20160819
20160601
20161014
20160102
20160113
20160708
20160410
20160215
20160404
20160120
20161011
20160916
20160120
20161024
20160413
20160518
20160201
20160119
20161023
20160322
20160315
20161110
20160903
20161020
20160310
20160416
20160321
20161107
20160204
20160711
20160609
20160424
20160813
20160407
20160909
20161110
20161008
20161017
20161118
20161011
20160817
20160921
20160401
20160215
20161118
20160109
20161118
20160712
20161005
20160624
20161117
20160105
20160121
20160102
20160315
20160619
20160224
20160623
20160609
20161108
20160619
20160624
20160206
20160202
20160906
20161024
20161019
20161117
20160105
20160820
20161001
20160501
20160412
20160515
20160603
20160512
20160521
20161120
20160713
20160911
20160718
20161105
20160917
20160512
20160113
20160402
20160419
20160921
20160718
20160411
20160508
20160324
20160419
20160407
20160406
20161119
20160405
20160503
20160619
20161104
20161124
20160622
20160202
20160401
20160217
20160116
20160321
20160305
20160904
20161121
20160823
20160519
20160507
20160105
20160906
20160507
20160224
20160524
20160611
20160115
20160418
20160909
20161119
20160223
20160910
20160505
20160710
20160516
20160815
20160415
20160520
20160119
20160821
20160203
20160707
20160321
20160902
20160613
20160515
20160117
20160407
20160217
20160512
20160318
20160515
20161124
20160820
20160221
20160320
20161110
20161012
20160322
20160806
20160311
20160903
20160717
20160513
20160801
20160307
20160912
20160118
20160513
20160318
20161107
20161109
20160512
20160724
20160211
20160606
20160422
20160617
20160116
20160819
20160209
20160920
20160608
20160809
20161005
20160106
20160809
20160109
20161011
20161116
20160722
20160116
20160403
20160706
20161015
20160224
20160306
20160615
20161012
20160616
20160518
20160323
20160403
20160904
20160604
20160603
20160915
20160810
20161112
20160501
20160524
20160512
20160704
20160807
20160709
20161104
20160321
20160501
20160602
20160416
20161020
20160503
20161020
20160410
20160703
20160722
20161005
20161013
20160210
20161014
20160520
20160702
20160112
20160709
20160507
20160407
20160903
20161022
20160908
20160707
20160212
20160120
20160223
20160201
20160916
20160311
20160615
20160305
20160306
20160911
20160604
20160310
20160721
20160609
20161114
20160405
20160417
20160518
20160819
20160503
20160910
20160502
20160616
20160502
20160103
20160522
20160204
20160615
20160919
20161112
20160422
20160623
20160809
20160910
20160721
20160514
20160823
20160623
20161111
20160913
20160401
20160416
20160921
20161023
20160310
20160524
20160619
20160505
20160415
20160613
20160815
20160503
20160108
20161108
20160306
20161013
20161118
20160420
20161006
20160317
20160316
20160919
20160104
20161014
20160615
20161003
20160224
20160101
20161106
20160403
20160517
20160104
20161003
20161113
20160305
20160307
20160724
20161121
20160606
20160123
20161112
20160920
20160724
20160802
20160613
20160505
20160418
20160522
20161108
20160408
20160315
20161113
20160218
20160608
20160212
20161103
20160819
20161008
20160604
20160824
20160402
20160820
20160519
20160423
20160317
20160210
20160323
20160702
20161110
20161020
20161024
20160919
20160716
20161013
20160601
20160809
20161024
20160122
20160301
20160910
20161005
20160604
20160420
20160710
20160414
20160505
20161108
20161112
20161108
20160923
20160119
20160423
20160319
20160504
20161113
20160205
20160124
20160711
20160406
20160718
20160115
20161111
20160105
20160203
20160412
20160318
20160114
20160311
20160602
20160708
20161002
20160406
20160719
20160901
20160308
20161006
20160616
20160723
20160312
20160322
20160817
20160107
20160617
20160907
20160316
20160621
20160716
20160814
20160801
20161012
20160715
20160316
20161102
20160215
20161010
20160602
20160617
20160404
20161113
20160123
20160501
20160610
20160320
20160818
20160417
20160218
20160216
20161108
20161121
20160418
20160618
20160401
20160813
20160413
20160823
20161013
20160411
20160822
20160511
20160717
20160820
20161016
20160105
20160909
20160122
20160204
20160301
20160510
20161014
20161005
20161106
20161103
20160603
20161110
20160422
20160911
20160222
20160319
20160106
20160117
20160512
20161116
20161001
20160524
20160324
20160124
20160209
20161009
20160405
20160202
20160919
20160617
20160620
20161105
20161005
20160921
20160903
20160306
20160702
20161023
20160113
20160116
20160401
20160324
20160410
20161017
20160308
20160217
20160317
20160109
20161119
20160223
20160208
20160114
20160313
20160120
20161001
20160320
20160710
20160107
20160913
20160412
20161014
20160818
20160207
20160316
20160620
20160101
20160110
20160102
20160222
20160910
20160320
20160523
20160717
20160402
20160517
20160315
20160511
20160813
20161114
20160118
20160606
20160519
20160408
20160301
20160311
20161117
20161008
20160907
20160303
20160909
20160618
20160722
20160210
20161015
20160819
20160717
20160515
20160918
20160304
20160823
20161109
20160914
20160724
20160710
20160201
20160523
20160124
20160622
20160904
20160218
20161024
20160605
20160820
20160702
20160406
20160902
20160423
20160918
20160224
20160520
20160502
20160804
20160417
20161003
20160210
20161021
20160416
20161115
20160608
20160601
20161117
20160410
20160820
20160401
20160817
20160412
20160911
20160502
20160105
20160105
20160802
20160903
20160323
20160809
20161124
20160304
20160313
20160110
20160614
20161016
20160217
20161113
20160509
20160510
20161005
20160107
20160624
20161005
20160422
20160224
20160902
20160821
20161016
20160618
20160320
20160917
20160417
20160819
20160606
20160804
20160416
20160919
20160407
20160510
20161107
20160212
20160713
20160113
20160619
20160324
20160802
20160818
20160406
20160304
20160914
20161022
20160211
20160701
20160924
20160222
20160809
20160311
20161113
20160410
20160810
20160106
20161112
20160124
20160109
20160411
20161106
20160308
20160405
20160714
20160302
20160104
20160404
20160207
20161104
20161111
20160307
20160210
20160220
20161006
20160114
20160504
20160723
20160111
20160114
20160120
20160301
20160509
20160301
20160804
20160521
20161016
20160411
20161017
20160210
20161019
20160515
20161023
20160211
20160218
20161004
20160718
20160609
20160618
20160808
20160723
20160318
20160811
20161013
20160504
20160517
20161003
20160316
20160111
20160108
20161013
20161108
20160221
20160114
20160723
20160224
20160824
20160418
20160519
20161017
20160702
20160814
20160306
20160111
20161006
20160809
20160913
20160820
20161018
20160802
20160323
20160803
20160606
20160618
20160203
20160614
20160223
20160111
20160617
20160522
20160919
20161012
20160102
20160301
20160205
20160422
20160706
20160304
20160717
20160501
20160202
20160924
20160622
20161008
20160101
20161011
20161018
20160215
20160303
20161114
20160608
20160910
20160709
20160905
20160903
20160516
20160304
20160518
20160905
20160318
20160720
20160704
20160121
20160409
20160923
20160202
20160407
20160118
20160910
20160622
20160803
20161016
20160206
20160823
20160621
20161020
20160402
20160208
20160501
20160723
20160607
20160210
20160524
20160723
20160519
20160217
20160421
20160320
20161022
20160420
20160923
20160219
20160705
20160110
20161108
20160507
20160821
20160502
20160706
20161102
20160802
20160222
20161009
20160320
20161117
20160524
20161106
20160124
20160110
20161024
20160415
20161023
20160206
20160724
20160305
20160701
20160613
20160120
20160805
20161009
20161018
20160306
20160414
20160713
20160616
20160316
20160302
20160324
20160711
20160819
20160703
20160909
20160521
20160708
20160320
20160315
20160203
20160107
20161114
20160812
20160924
20160104
20160507
20160412
20160720
20160604
20161004
20160915
20160504
20160509
20160524
20160322
20160205
20160718
20160124
20161122
20160218
20160921
20160102
20161120
20160621
20160514
20160812
20160323
20160111
20160905
20160610
20161010
20160913
20160912
20161024
20160610
20160611
20160316
20160722
20160606
20161007
20161020
20160808
20160207
20160316
20160712
20160310
20160114
20160407
20160917
20160318
20161108
20161024
20160306
20160218
20160114
20160721
20160121
20160718
20160912
20161118
20160917
20160604
20160921
20160814
20160215
20160108
20160417
20160718
20161006
20161106
20160302
20160707
20161017
20160915
20161112
20160417
20160508
20160708
20160501
20160624
20160412
20160206
20160318
20160308
20160419
20160904
20160606
20161019
20161021
20160903
20160618
20161005
20160914
20160814
20160405
20160616
20161119
20160914
20160617
20160524
20160113
20161121
20160115
20160511
20160601
20160516
20160607
20160624
20160718
20160624
20160409
20161024
20160116
20160114
20161008
20160702
20160503
20160517
20160712
20160601
20160722
20160408
20160117
20160419
20160611
20160915
20161111
20160724
20160107
20160909
20160408
20161012
20160411
20160917
20160213
20160805
20161016
20160302
20160617
20161124
20160705
20160916
20161004
20160520
20160209
20160114
20160809
20160205
20160316
20161123
20160407
20160524
20160604
20160120
20160105
20160810
20161011
20160611
20160912
20160518
20160124
20160120
20160305
20161120
20160403
20160923
20160711
20160215
20160715
20160203
20160109
20160717
20160917
20161103
20160211
20161119
20161006
20160703
20160319
20161113
20160711
20161120
20161005
20160604
20160102
20160309
20160416
20160515
20160305
20161018
20160816
20160923
20160808
20160122
20160902
20160713
20160618
20160623
20160608
20160722
20160409
20160220
20160303
20160518
20160101
20160121
20160223
20160208
20160323
20160704
20161024
20160313
20160505
20160822
20160502
20160904
20160718
20160613
20160106
20160104
20160511
20160806
20160701
20160524
20160813
20160905
20160706
20160810
20160101
20161013
20160313
20161103
20161024
20160203
20160913
20160402
20160421
20160301
20160122
20160108
20160214
20160614
20160122
20160514
20160314
20160514
20161121
20160804
20160712
20160502
20160201
20161112
20160405
20160223
20160418
20160607
20161123
20161020
20160208
20160416
20160218
20160823
20160208
20160919
20160414
20160923
20160224
20160803
20160712
20160414
20160217
20160222
20160304
20160714
20160618
20160510
20161118
20161004
20160905
20160717
20160303
20161011
20160315
20160601
20160509
20160213
20160412
20160913
20160919
20160513
20160615
20160607
20161003
20160214
20160422
20160801
20160219
20161011
20161001
20160811
20160916
20160623
20160115
20160914
20160616
20160719
20160711
20160703
20160324
20160715
20160617
20160704
20160412
20160603
20160412
20161104
20160106
20160219
20161002
20160710
20160413
20160922
20160619
20161116
20161001
20160719
20160622
20160110
20161006
20160608
20160413
20161113
20160318
20161014
20161003
20160813
20161121
20160914
20160711
20160222
20160518
20160401
20160502
20160722
20160806
20160613
20160601
20160618
20160812
20160713
20160813
20160601
20160217
20160704
20160820
20160521
20160620
20160207
20161005
20160417
20160318
20160501
20161105
20160419
20161019
20160218
20160624
20160307
20160606
20160411
20160103
20160821
20161004
20161106
20161020
20160420
20160624
20160116
20160802
20160505
20160306
20160204
20160507
20160216
20160312
20160901
20160902
20160507
20160411
20161006
20160703
20161023
20160323
20160123
20160916
20160505
20161109
20161109
20160723
20160110
20160616
20160818
20160709
20160607
20160712
20160219
20160208
20160402
20160708
20160818
20160219
20160813
20161103
20160216
20160417
20160304
20160202
20161123
20160910
20160104
20160916
20160605
20161024
20160811
20160714
20160711
20160904
20160221
20160323
20161123
20160515
20160318
20160311
20160502
20160502
20160804
20160513
20161116
20160414
20160303
20160807
20160524
20160912
20161012
20160601
20160723
20160201
20160219
20161023
20160708
20160201
20160904
20160512
20161018
20160323
20160620
20161117
20160508
20160313
20161104
20160602
20160216
20160711
20160115
20160604
20161114
20160206
20161011
20160815
20160801
20160219
20161021
20160605
20160105
20160517
20160524
20160815
20160822
20161002
20160118
20160301
20160517
20160912
20160809
20160303
20160615
20160705
20160322
20160519
20160413
20160923
20160702
20161010
20160305
20160608
20161018
20160308
20160401
20160516
20160516
20160406
20160610
20160506
20160722
20160710
20160617
20160618
20160916
20161001
20160118
20160802
20160509
20160107
20161019
20160406
20160804
20160203
20161115
20160210
20160722
20160302
20160919
20160702
20160702
20160121
20160807
20160306
20161018
20160324
20160207
20161111
20160121
20160311
20160420
20160320
20160818
20160507
20161121
20160220
20160616
20160214
20160101
20160901
20160620
20160714
20160620
20160821
20160813
20160303
20161002
20160123
20160615
20160611
20160301
20160307
20160718
20160501
20161119
20160422
20160405
20161015
20160502
20160609
20160303
20160413
20160706
20160413
20160406
20161022
20161115
20160120
20160503
20161108
20160311
20160924
20160805
20160701
20160309
20160219
20160519
20160707
20160618
20161017
20160110
20160624
20161113
20160504
20160808
20160712
20160621
20160806
20160217
20160709
20160510
20160418
20161015
20160402
20160515
20160723
20160606
20161024
20161117
20160923
20160705
20161017
20160111
20160510
20160101
20160402
20161104
20160414
20161123
20160422
20160501
20160508
20160422
20160919
20160407
20160706
20160817
20160424
20160820
20161015
20161016
20160123
20161122
20160507
20160906
20160718
20160506
20160504
20160105
20160110
20160905
20160423
20160117
20161003
20160204
20160102
20160415
20160708
20160815
20161020
20160613
20160718
20160804
20160502
20160124
20160617
20160714
20160222
20160513
20160907
20160802
20160516
20160619
20160621
20160122
20160816
20160212
20160713
20161003
20160317
20161022
20160214
20160901
20160415
20160714
20160401
20160811
20160820
20160206
20161108
20161018
20160713
20160604
20161013
20161108
20160907
20160709
20160201
20160106
20160301
20160109
20161020
20160913
20160211
20160115
20160618
20160121
20160808
20160713
20161110
20160823
20161112
20160524
20160417
20161014
20161105
20160402
20160401
20160721
20160324
20160315
20160517
20160114
20160312
20160407
20160309
20160615
20160306
20160207
20160522
20160804
20160114
20160412
20160923
20161018
20160714
20161013
20161105
20160810
20160806
20161124
20161005
20160422
20160622
20160914
20161121
20161022
20161116
20161124
20160418
20160906
20161119
20160408
20160513
20160719
20161020
20160401
20160724
20160903
20160411
20160521
20160205
20160418
20160801
20160920
20160918
20160924
20160712
20160301
20160722
20160712
20160313
20160605
20160324
20161104
20160704
20160123
20160914
20161024
20160401
20160405
20160609
20160418
20160221
20160105
20160608
20160917
20160107
20160712
20161110
20161109
20160704
20161105
20160205
20160109
20161108
20160504
20160819
20160701
20160909
20160614
20160907
20160621
20160119
20160804
20160513
20160106
20160710
20160714
20160106
20160606
20160907
20161121
20161018
20160815
20160603
20160710
20160209
20160520
20161014
20161114
20161124
20160406
20160919
20160623
20160823
20160609
20160220
20160616
20160416
20160608
20160512
20161105
20160222
20160410
20161123
20160503
20160516
20160612
20160206
20160522
20160112
20161005
20160810
20160719
20160310
20161015
20160817
20160414
20160712
20160116
20160217
20160209
20160307
20160302
20160609
20160719
20160523
20160124
20160104
20160917
20160301
20160807
20160120
20160509
20160823
20160411
20161112
20160905
20160224
20160715
20160109
20161112
20160323
20160519
20160716
20160502
20160617
20161123
20160712
20160517
20160916
20161001
20160323
20160822
20160219
20160610
20160306
20160818
20160321
20160511
20160523
20160819
20160301
20160311
20160812
20160614
20160118
20160511
20160411
20160721
20160803
20160521
20161114
20160214
20160923
20161023
20160517
20160807
20160406
20160802
20161005
20160512
20160908
20160903
20160211
20160601
20160910
20161103
20160611
20160121
20160204
20160613
20161102
20160309
20160609
20160815
20160605
20161114
20160912
20160717
20160702
20160821
20160506
20161116
20160901
20161123
20160919
20160609
20161021
20160304
20160420
20160214
20160720
20161119
20160513
20160316
20161105
20160710
20160617
20160701
20161115
20160809
20160621
20160316
20160708
20160919
20160219
20161118
20160817
20160217
20160817
20160916
20161023
20160720
20161118
20160907
20160605
20160608
20161113
20161021
20161110
20160509
20160824
20160111
20160118
20160307
20160217
20160411
20160708
20160613
20160801
20160809
20160715
20160805
20160911
20161121
20160602
20160701
20160901
20160217
20160414
20160110
20160709
20160612
20160315
20160306
20160109
20160412
20160508
20161121
20160905
20160212
20161005
20160906
20160419
20160223
20160905
20161112
20160418
20160319
20161009
20161019
20160812
20161004
20160821
20160221
20160204
20160210
20160823
20161106
20160212
20160507
20160722
20161123
20160603
20160224
20160312
20160310
20160411
20160412
20160415
20161121
20160201
20161006
20160309
20161113
20160204
20161009
20160313
20161115
20160521
20161003
20160221
20160218
20160618
20160612
20160914
20161006
20160404
20160811
20161120
20160324
20161117
20160702
20161118
20160124
20160323
20161104
20160918
20160715
20161117
20160922
20160315
20160101
20161102
20160723
20161009
20160606
20160519
20160502
20160316
20160715
20160211
20160818
20160121
20160907
20160914
20161121
20160919
20160202
20160606
20160920
20160310
20160523
20161102
20161008
20161004
20160316
20160722
20161101
20160924
20160912
20161118
20160409
20160504
20160922
20160901
20160710
20160306
20160212
20160916
20160813
20160312
20160507
20160709
20160119
20160611
20160820
20160120
20160904
20160805
20160417
20161104
20160517
20160802
20160303
20160103
20160409
20160109
20161010
20161108
20160215
20160110
20160302
20160721
20160316
20160805
20160108
20160606
20160217
20160221
20160113
20160617
20160315
20160104
20160816
20160916
20160819
20160306
20160713
20160813
20160503
20160722
20160811
20160811
20160913
20160418
20161010
20160408
20160416
20160219
20160603
20161124
20161007
20160908
20160801
20160414
20161117
20161111
20161001
20161116
20160723
20160204
20160306
20161019
20160606
20160714
20160410
20161103
20160510
20160119
20160206
20161011
20160603
20160513
20160402
20161006
20160606
20161015
20160320
20160516
20160405
20160306
20161002
20160823
20161024
20160112
20160824
20160917
20160419
20160901
20160902
20160501
20160201
20160514
20160701
20160822
20161006
20160613
20160802
20160112
20160623
20160416
20160421
20160620
20160719
20160303
20160504
20160112
20160918
20160712
20161014
20160507
20160601
20160712
20160307
20160619
20160814
20160917
20160919
20160411
20160722
20161013
20160102
20160922
20160709
20160216
20160615
20160806
20160911
20161112
20160409
20160522
20160404
20161117
20160412
20160107
20160102
20160406
20160512
20160407
20161006
20160320
20160406
20161107
20160817
20160612
20160624
20161007
20160519
20161105
20160802
20160621
20160308
20160906
20160523
20160121
20160121
20160701
20161006
20160715
20160519
20161023
20160401
20161011
20160212
20160616
20160607
20160312
20160913
20160902
20160116
20160306
20161017
20161019
20161106
20160702
20160124
20160808
20161120
20160721
20160419
20160803
20160802
20160618
20160715
20160624
20160507
20160117
20160311
20160723
20160603
20160315
20160612
20161116
20160213
20161118
20160524
20160323
20160604
20161108
20161112
20160317
20160722
20160605
20160903
20160121
20160624
20160417
20160908
20160418
20160712
20160822
20160208
20160615
20160122
20160505
20160203
20160315
20160810
20161020
20160210
20160821
20160704
20160116
20160210
20160321
20160422
20160411
20161016
20160606
20160710
20160305
20160318
20160419
20160615
20160818
20160414
20160509
20161010
20160518
20160910
20160115
20161102
20160224
20160110
20160418
20160414
20160501
20160605
20160921
20160615
20160409
20160910
20160523
20161021
20161107
20160906
20160707
20161016
20161107
20161013
20160710
20161019
20160509
20161015
20160317
20161121
20160117
20161117
20160720
20160616
20160320
20161007
20160916
20160805
20160502
20160710
20160322
20160413
20160824
20160802
20160813
20160611
20160503
20161017
20160819
20160604
20161018
20160102
20160310
20160524
20160509
20160406
20160508
20160610
20160121
20160102
20160910
20160808
20160724
20160313
20160714
20160624
20160206
20161024
20160401
20160214
20160603
20160823
20160414
20160224
20160206
20160224
20160709
20161106
20160811
20161010
20160506
20160604
20160507
20160722
20160201
20160305
20160121
20160804
20160607
20160704
20160201
20160901
20160922
20160109
20160804
20160210
20160319
20160508
20160914
20160118
20160706
20161120
20161015
20160514
20161015
20161105
20160302
20160704
20160721
20160623
20160117
20160415
20160623
20160307
20160806
20161120
20160517
20160509
20160601
20160405
20161005
20160304
20161007
20160324
20160906
20160913
20160717
20160103
20160619
20160916
20160208
20160607
20160821
20160616
20160119
20160122
20160903
20161110
20160405
20160409
20160119
20160106
20160302
20160512
20160311
20160121
20160217
20161023
20160318
20160515
20160218
20160306
20160117
20160123
20160611
20160921
20160911
20160623
20160806
20160120
20160422
20160824
20160714
20160123
20160318
20161106
20160202
20160614
20160305
20160505
20160123
20160202
20160812
20160819
20160403
20160316
20160717
20160520
20160521
20161024
20160903
20161007
20160209
20160111
20160220
20160113
20161001
20161107
20160416
20160411
20160217
20160622
20160802
20160816
20160622
20160610
20160718
20160701
20160908
20160421
20160709
20160420
20160724
20160722
20160510
20161003
20160516
20160512
20160117
20160503
20160718
20160311
20160422
20160516
20160204
20160223
20160904
20160520
20160420
20160307
20160509
20160806
20160605
20160219
20160615
20160324
20160508
20160710
20160507
20160902
20160705
20161020
20160809
20161124
20160124
20160915
20160917
20160915
20161105
20160315
20161006
20161102
20161019
20161001
20160820
20160819
20160108
20161103
20160307
20160418
20160503
20160209
20160422
20160704
20160205
20161105
20160322
20161113
20160110
20161115
20160113
20160120
20160414
20160717
20160316
20160716
20160414
20160408
20160311
20160916
20160710
20160108
20160608
20161005
20160605
20160421
20161112
20160710
20161105
20160224
20160519
20160317
20160911
20160907
20160112
20160614
20161001
20161011
20160214
20160408
20161107
20161110
20161115
20161109
20161122
20160514
20160422
20161101
20160422
20160820
20160822
20160308
20160719
20160208
20160809
20160824
20160323
20160418
20160124
20160521
20160310
20160203
20160201
20160924
20160521
20160510
20160211
20160623
20160206
20160809
20161021
20160218
20160612
20160512
20160614
20160205
20161008
20160607
20161004
20160601
20160717
20160314
20161122
20160504
20160308
20160213
20161001
20160717
20160205
20160412
20160519
20160122
20160920
20160521
20160601
20160421
20160602
20160302
20161107
20160408
20160303
20160912
20160822
20160909
20160523
20160407
20160413
20160915
20160901
20160721
20160816
20160716
20160918
20160819
20160808
20160318
20160907
20160616
20160821
20160920
20160201
20160902
20160222
20160216
20160908
20160122
20161003
20160201
20161122
20160914
20160717
20160414
20161115
20161003
20160204
20160302
20160107
20160512
20160207
20160209
20161014
20161117
20160416
20160303
20160701
20160319
20160617
20160213
20160705
20161113
20160310
20160611
20160903
20160713
20160610
20160803
20160511
20160723
20160216
20161003
20160602
20160402
20160617
20160824
20160703
20160615
20160104
20160118
20160120
20160619
20160905
20160710
20160907
20160117
20160105
20160913
20160511
20160609
20160112
20161115
20160103
20160419
20161016
20160107
20160904
20160122
20160301
20160303
20161105
20160215
20160807
20160614
20160501
20160303
20160808
20160305
20160422
20160108
20161116
20160614
20160809
20160806
20160913
20160322
20160214
20160622
20160322
20160601
20160404
20160912
20160202
20160603
20160624
20160922
20160914
20160624
20160503
20160712
20160919
20161103
20160603
20160911
20160913
20160419
20160816
20160703
20160222
20160422
20160212
20160813
20160906
20160107
20160409
20161022
20160521
20160417
20160901
20161104
20160801
20160610
20161016
20160708
20161018
20160511
20160522
20161014
20160221
20160407
20160903
20160301
20160124
20160617
20160223
20160223
20160401
20160422
20160111
20161112
20160212
20161107
20161023
20160611
20160503
20160517
20160608
20160321
20160309
20160816
20160816
20161003
20160623
20161111
20160719
20160621
20160503
20161006
20160318
20160714
20160221
20161017
20160723
20160113
20160809
20160605
20160411
20160611
20160518
20160509
20160905
20160410
20160907
20160206
20161115
20160918
20161019
20160221
20160920
20160418
20160607
20160210
20160807
20160618
20160422
20160707
20161112
20160911
20160504
20161020
20160104
20160717
20161102
20160911
20160321
20161112
20161021
20160221
20160819
20161001
20160107
20160102
20160602
20160814
20161020
20160503
20161008
20160513
20160124
20160224
20160702
20160404
20160120
20160711
20160517
20160502
20160311
20160509
20161121
20160401
20161014
20160908
20160423
20160424
20160519
20160701
20160111
20160312
20160811
20160322
20160512
20160802
20160314
20161104
20160722
20161119
20160918
20160813
20160324
20160824
20160920
20160623
20161001
20160313
20160301
20160324
20160309
20161122
20161022
20160220
20160110
20160810
20160403
20160818
20160713
20160721
20160411
20160906
20160117
20161021
20160912
20160708
20160919
20161021
20160409
20160611
20160706
20160619
20160418
20160612
20160623
20160621
20160709
20161017
20160924
20160321
20160221
20160113
20161101
20161110
20160807
20160510
20160619
20160303
20160817
20160518
20160224
20160820
20160415
20160424
20160105
20161123
20160501
20160121
20160318
20161109
20160502
20160514
20160415
20161111
20160713
20160721
20160510
20160418
20160621
20160712
20161023
20161024
20160908
20160216
20161016
20160817
20161112
20160408
20160204
20160621
20160504
20160424
20160310
20160502
20160624
20161123
20160218
20160515
20160704
20160611
20160207
20161112
20160507
20160607
20160410
20161023
20160816
20161024
20160307
20160514
20160723
20160514
20160816
20160414
20160707
20160407
20160723
20160424
20160212
20161115
20160421
20160122
20160919
20160423
20161110
20161101
20160207
20160824
20160507
20160102
20161104
20160213
20161009
20160102
20160715
20161022
20161105
20160607
20160212
20160406
20161011
20160301
20160707
20160816
20160220
20160322
20160402
20160802
20160605
20160111
20160821
20160306
20161118
20160713
20160215
20161001
20160806
20160415
20160410
20160606
20160305
20160107
20160317
20161113
20160803
20160702
20160105
20160518
20160405
20160321
20160702
20160509
20160312
20161107
20160509
20160214
20161101
20160319
20160901
20160209
20160301
20160901
20160917
20160514
20160807
20160224
20160106
20161019
20160416
20160723
20160804
20161108
20160412
20160709
20161105
20160420
20160514
20160210
20160703
20161008
20161015
20161115
20160721
20160923
20160906
20160215
20160823
20161111
20160104
20160409
20161024
20160716
20160421
20160401
20160920
20160108
20160817
20160917
20161115
20160123
20160717
20160908
20160214
20160816
20160901
20160706
20160103
20160606
20160717
20160801
20160903
20160310
20160604
20160607
20161022
20160813
20160919
20161120
20161008
20160901
20160903
20160403
20160111
20160617
20160523
20160708
20160423
20160123
20161021
20160412
20160405
20161124
20160722
20160511
20160613
20160513
20160307
20160614
20160505
20160316
20161111
20160819
20160921
20160612
20161123
20160521
20160219
20161109
20161122
20160608
20160614
20160109
20160607
20160816
20161115
20160116
20160119
20160511
20160921
20160202
20160306
20160310
20160517
20160312
20160811
20160216
20160519
20160422
20161016
20160302
20160105
20160610
20160908
20160323
20160319
20161104
20160815
20161112
20160918
20160107
20160115
20160705
20161115
20160111
20161024
20160321
20161106
20160513
20160623
20160909
20160209
20161023
20160816
20161113
20160623
20160817
20160521
20160515
20160404
20160408
20160219
20160714
20160618
20160709
20160120
20161103
20161106
20160412
20161024
20160406
20160218
20160410
20161118
20160219
20160504
20161021
20160309
20160623
20160412
20160804
20160823
20160116
20160113
20160120
20160921
20160312
20161024
20160821
20161119
20160511
20160219
20160114
20160908
20160519
20160407
20160904
20160811
20160314
20160606
20160815
20160906
20160404
20160720
20160422
20160104
20160110
20161118
20160404
20160805
20160613
20160912
20160610
20160212
20160404
20161115
20160118
20160423
20160606
20160810
20161018
20160119
20161111
20161109
20160109
20160803
20160302
20160114
20160917
20160202
20160718
20161112
20160213
20161102
20160918
20160322
20160815
20160506
20160524
20160613
20160317
20160821
20160404
20160207
20160413
20160110
20161112
20160618
20160607
20160209
20160519
20160921
20160704
20160306
20161013
20160803
20161024
20160824
20160612
20160802
20160815
20160117
20160109
20160809
20160418
20160618
20160112
20160219
20160813
20160306
20160111
20160107
20160815
20160415
20160307
20160513
20160817
20160402
20160108
20160206
20161021
20160221
20160915
20160216
20160903
20160522
20161023
20160714
20160705
20160616
20160701
20161017
20160101
20160514
20160613
20161023
20161017
20161116
20160519
20160619
20160812
20160824
20160113
20160310
20160404
20160811
20160212
20160112
20160711
20160304
20160413
20160613
20160908
20160210
20161110
20160915
20161017
20160217
20160908
20160322
20160907
20160912
20160720
20160110
20160805
20161118
20160110
20160803
20160603
20161102
20160203
20160110
20160820
20160609
20160611
20160520
20160719
20160824
20160224
20160711
20160624
20160704
20160123
20160614
20160314
20161118
20160810
20161123
20160721
20160311
20160520
20160602
20160211
20160124
20160406
20160821
20160312
20160821
20160912
20160324
20160222
20160823
20160106
20160414
20161120
20160905
20161023
20160117
20160907
20161101
20161111
20160623
20160510
20161111
20160611
20160609
20160604
20160719
20160902
20160115
20160307
20160916
20161110
20160301
20161006
20161122
20160114
20160806
20160306
20160308
20161103
20160109
20160705
20160211
20160823
20160923
20160222
20160903
20160701
20160306
20160907
20160323
20160811
20161120
20160821
20160620
20160618
20160123
20160704
20160910
20160323
20160211
20160501
20160512
20160906
20160610
20160707
20160113
20160703
20160611
20160415
20161120
20160108
20160809
20160612
20161115
20161014
20161015
20160707
20161018
20160507
20160115
20160718
20161115
20160902
20160606
20160303
20160918
20161120
20160501
20160223
20160315
20160202
20160923
20160904
20160406
20161019
20160814
20160818
20160308
20160401
20160820
20160511
20160624
20160616
20161017
20160622
20160913
20160405
20161011
20161108
20160319
20160823
20160504
20160613
20161003
20161108
20160911
20160221
20160113
20160112
20161013
20160417
20160921
20160807
20160909
20160813
20160617
20160713
20160610
20160319
20160922
20161001
20160820
20161109
20161023
20160924
20160220
20160316
20160213
20161003
20160709
20160101
20161123
20160720
20161007
20161118
20160807
20160323
20160412
20160909
20160423
20160614
20161114
20160923
20160905
20160209
20160319
20160611
20161010
20161021
20161016
20160914
20161001
20160715
20160912
20160112
20160816
20160816
20160311
20161120
20160306
20160605
20160403
20160804
20161112
20160605
20160721
20160509
20160507
20160510
20160716
20160617
20160117
20161017
20160304
20161107
20160722
20161003
20160510
20160705
20160504
20160503
20160301
20160119
20160223
20160417
20160711
20160503
20160414
20160512
20160917
20160506
20160605
20160112
20160801
20160424
20160324
20160501
20160914
20160622
20160508
20160203
20160117
20160315
20161006
20160721
20160508
20160820
20160204
20160820
20160620
20160103
20160924
20160513
20160908
20160521
20160817
20160514
20160618
20161112
20160311
20160104
20161012
20161119
20161004
20160206
20160807
20160113
20160705
20160714
20160801
20160623
20160107
20161111
20161123
20160603
20160921
20160115
20160415
20160620
20160917
20160105
20160517
20161007
20160322
20160309
20160619
20160405
20160508
20160713
20160607
20160113
20160723
20160511
20160210
20160109
20160115
20161111
20160601
20160106
20160402
20160320
20161123
20161102
20160813
20161024
20160316
20160103
20160113
20160607
20160604
20160420
20160520
20160220
20160120
20160321
20160717
20160708
20160321
20160119
20161121
20160616
20161016
20160202
20160424
20160806
20160219
20160606
20160617
20160124
20160717
20160706
20160101
20160222
20160803
20160723
20161118
20160324
20160809
20160822
20160218
20160301
20160608
20160220
20161024
20160511
20161112
20160717
20160302
20160701
20160920
20160409
20160922
20161106
20160307
20160413
20160117
20160807
20160323
20160702
20160722
20160723
20160321
20160408
20161112
20160216
20160602
20161107
20160917
20160608
20160313
20160623
20160919
20160405
20160622
20160314
20161024
20161102
20160113
20160318
20160222
20161020
20160308
20160314
20160314
20160222
20160423
20161009
20160115
20160821
20160103
20160210
20160303
20160317
20160919
20160518
20160718
20161013
20160311
20160416
20161113
20160715
20160303
20160704
20160205
20160321
20161105
20160315
20160611
20160814
20160211
20160719
20160518
20160313
20160920
20160823
20160522
20161113
20161016
20160518
20161119
20160815
20160320
20160618
20160624
20161108
20160905
20160110
20160515
20160408
20160915
20160817
20160503
20160918
20160513
20160105
20160923
20161124
20160513
20160416
20160914
20160509
20161113
20160513
20160124
20160113
20160704
20160207
20160718
20160203
20160802
20160122
20160613
20160419
20160110
20160819
20160810
20160807
20160217
20160102
20160201
20160816
20161123
20161120
20160116
20161020
20160620
20161103
20160717
20161119
20160708
20160115
20160914
20160205
20160520
20160305
20160221
20160205
20160509
20160914
20160518
20160407
20160715
20160504
20160619
20160822
20160423
20160124
20160920
20160113
20160322
20160617
20160720
20160920
20161119
20160501
20160518
20160202
20160917
20160321
20160422
20160107
20160316
20160615
20160414
20161116
20160808
20160218
20160222
20161110
20160210
20160209
20160310
20160801
20160411
20160504
20160724
20161019
20160723
20161016
20160403
20161122
20160408
20160717
20160121
20160315
20160708
20160809
20160210
20160422
20160719
20160417
20160210
20161015
20160616
20160914
20160217
20160424
20160217
20161122
20160308
20160915
20161105
20160608
20160614
20160915
20160417
20161119
20160905
20160323
20160115
20160316
20160724
20160824
20160116
20160324
20161024
20160707
20160522
20160811
20161020
20160619
20160109
20160705
20160416
20160814
20161114
20160822
20161120
20161009
20160316
20160509
20160118
20160216
20160419
20160605
20160503
20160812
20160324
20160513
20160316
20160113
20160209
20160805
20160907
20160916
20161119
20160903
20161013
20160311
20160902
20160109
20160805
20160414
20160818
20160204
20161002
20160623
20160224
20161024
20160103
20160105
20160424
20160319
20160406
20160205
20160821
20160221
20160209
20160507
20161113
20160609
20160819
20160909
20160501
20160819
20161015
20160513
20161006
20160818
20160506
20160824
20160222
20160320
20160406
20160202
20160602
20161121
20160610
20161105
20161107
20160723
20160307
20160102
20160322
20160607
20160507
20160819
20160904
20160615
20160804
20160815
20160110
20160922
20160508
20160704
20160715
20160623
20160111
20160215
20161011
20160517
20160108
20160907
20160521
20160709
20160505
20160706
20160219
20160116
20160309
20160105
20161020
20160823
20160309
20160923
20160603
20161115
20160215
20161105
20160703
20160720
20161024
20160208
20160924
20160410
20161006
20160205
20160124
20160801
20160513
20160305
20160901
20161011
20160603
20160820
20160215
20160813
20161109
20160816
20160515
20160701
20160914
20160413
20160105
20160523
20160124
20160521
20161102
20161001
20160215
20161111
20161001
20161115
20160210
20160116
20160820
20160519
20160607
20160501
20160504
20161113
20160320
20160415
20160410
20161012
20160521
20160219
20160604
20160424
20160116
20160211
20160517
20160216
20160616
20160908
20160922
20160115
20161017
20160113
20161109
20160221
20160905
20160407
20160624
20160404
20160207
20160620
20160211
20160913
20160621
20160802
20160314
20160113
20160205
20160102
20160311
20160710
20160519
20161010
20160519
20160212
20160906
20160114
20160303
20161103
20160710
20160719
20160505
20160521
20160920
20160818
20160307
20160323
20160122
20160413
20160504
20160205
20161113
20160509
20160924
20160108
20161110
20160210
20161106
20160501
20160112
20160704
20160614
20161017
20160318
20160518
20160318
20160218
20160915
20161021
20160217
20160324
20160911
20160706
20160120
20160407
20160310
20160607
20161003
20160609
20160423
20160705
20160518
20160518
20161106
20160108
20160223
20160705
20160509
20160503
20160919
20160801
20161114
20160210
20160802
20160914
20160122
20160807
20160223
20160913
20160715
20160709
20160801
20161103
20160520
20160921
20160221
20160308
20160616
20160124
20160117
20160124
20160408
20160403
20161006
20160313
20160517
20160517
20161117
20160521
20161014
20160608
20161118
20160408
20160223
20160919
20160508
20160618
20160520
20160719
20160513
20160801
20160507
20160415
20160506
20161103
20160917
20160506
20160203
20160505
20160924
20160209
20160721
20160521
20161107
20160422
20160315
20160709
20160121
20161110
20160521
20161024
20160313
20160908
20160311
20160304
20160109
20160711
20160119
20161004
20161124
20160119
20160913
20160302
20160115
20160414
20160212
20160402
20160209
20160911
20160802
20160424
20160819
20160723
20161002
20160219
20160409
20160414
20160804
20160414
20160114
20160316
20160504
20160810
20161009
20160521
20160213
20161102
20161122
20161007
20160917
20160306
20160513
20161006
20160704
20161005
20160602
20160605
20160802
20161120
20160913
20160204
20160311
20161018
20161102
20160723
20160310
20161004
20160120
20161003
20160915
20160601
20160401
20160604
20160907
20160411
20160803
20160323
20160723
20160301
20160806
20160922
20160916
20160908
20160804
20160222
20160512
20160210
20160912
20160411
20160804
20160213
20160510
20160809
20160319
20160120
20160915
20160204
20160516
20160410
20160714
20160407
20160321
20160712
20160723
20160301
20160615
20160603
20161106
20160108
20160222
20160123
20160808
20161104
20160418
20160209
20161021
20160208
20160102
20160611
20160904
20160920
20160908
20160115
20160816
20160817
20160206
20160305
20161120
20160516
20160706
20160811
20160823
20160317
20160705
20160121
20160923
20160604
20160618
20160723
20160821
20160801
20160104
20160324
20160411
20161024
20160821
20161019
20160514
20160705
20160602
20160820
20161112
20160823
20160619
20160614
20160806
20160606
20160512
20160302
20160510
20160119
20160316
20160309
20161120
20160121
20160721
20160713
20160114
20161109
20160818
20160103
20160705
20160808
20161024
20161024
20160814
20160123
20160302
20160208
20160120
20160301
20161113
20160423
20160414
20160817
20160818
20160204
20161109
20160218
20160212
20160202
20161010
20160408
20160109
20160204
20160107
20160901
20160413
20160519
20161021
20160103
20160920
20161004
20161121
20160220
20161017
20160817
20161108
20161122
20160719
20160303
20160205
20160107
20160923
20160118
20160401
20160602
20160913
20160304
20160815
20161007
20160808
20161004
20160707
20160601
20160616
20160802
20160823
20160414
20160921
20160608
20161119
20160310
20160101
20160904
20160117
20160519
20160403
20161110
20161124
20160917
20160916
20160508
20160404
20160609
20160418
20161020
20160208
20160709
20160115
20160903
20160618
20160218
20160921
20160203
20160302
20160607
20161112
20161112
20160624
20160310
20160511
20160602
20161022
20160402
20160719
20160611
20161104
20160413
20160817
20160909
20160409
20160802
20160604
20160607
20160316
20160524
20160810
20160320
20160119
20160521
20160815
20160322
20160205
20160701
20160519
20160304
20160917
20160412
20160312
20160620
20161012
20161014
20160808
20160920
20160318
20161120
20161006
20160113
20160223
20161001
20160211
20160920
20160912
20161114
20160818
20160823
20160213
20160618
20160405
20160508
20160408
20160508
20160109
20161124
20160620
20160908
20160114
20160621
20160303
20160506
20160916
20160822
20160708
20160610
20161011
20160603
20160117
20160808
20160417
20160323
20160505
20160318
20161008
20160916
20160713
20160501
20160822
20160505
20160419
20160414
20161005
20160508
20160406
20160922
20160208
20160522
20160118
20160301
20160411
20161014
20160915
20161103
20160318
20160801
20160223
20160624
20160807
20160308
20160110
20160612
20160407
20161020
20160205
20160202
20160804
20161121
20160512
20160602
20160805
20160417
20161111
20160420
20160214
20160610
20160413
20160515
20160605
20161101
20160515
20160219
20160206
20160205
20160517
20160122
20161024
20160410
20160818
20160722
20160918
20160407
20161108
20160816
20160402
20160805
20160314
20161115
20161109
20160823
20160709
20160211
20160515
20160901
20161014
20160509
20160114
20160710
20160609
20160219
20161116
20160314
20160821
20160919
20160222
20160504
20160209
20160914
20160520
20160201
20160916
20160122
20160218
20161019
20160404
20160505
20160512
20160421
20160711
20160806
20160702
20160406
20161002
20160603
20160811
20160119
20160906
20161024
20160413
20161124
20160924
20161124
20160502
20160323
20160323
20160204
20160122
20160113
20160209
20160421
20161107
20160220
20161017
20160210
20160311
20160822
20160318
20160611
20160116
20161120
20160405
20161120
20160205
20160309
20160304
20160520
20160320
20160508
20160519
20160813
20160508
20160513
20160821
20161103
20160703
20160715
20160403
20160501
20161023
20160321
20160320
20160711
20160117
20161024
20160302
20161101
20160101
20160513
20160611
20160815
20160720
20160217
20160722
20160922
20160509
20160414
20160813
20160401
20160723
20160209
20160221
20161108
20161018
20161009
20160111
20160714
20160722
20160722
20160602
20160419
20160501
20160805
20160216
20161117
20160902
20160616
20160719
20160718
20160611
20160811
20161110
20160808
20160710
20160923
20160402
20160122
20160306
20160706
20160123
20160118
20160617
20161121
20160202
20160523
20160510
20160510
20160614
20160209
20160813
20160119
20161022
20160416
20160620
20161013
20160802
20161004
20160214
20160113
20160704
20160616
20160208
20161014
20160224
20160604
20160103
20160122
20161019
20161116
20161009
20160311
20161005
20160619
20160721
20160612
20161105
20161016
20160821
20161015
20160304
20160707
20160501
20160103
20160222
20161001
20160806
20161001
20160103
20160620
20160405
20160901
20160719
20160108
20160121
20160307
20160215
20160307
20161008
20160917
20161018
20160601
20160707
20160612
20160118
20160914
20160515
20160714
20160621
20161022
20160221
20160609
20160521
20160211
20160516
20160608
20161107
20160705
20160712
20160312
20160613
20161118
20160611
20160116
20160121
20160623
20160223
20160704
20161110
20160808
20160713
20161118
20161101
20160207
20160813
20160521
20160709
20160303
20160218
20161119
20160309
20160524
20160522
20160610
20161116
20160622
20160519
20160520
20160908
20160713
20160621
20160823
20161124
20161116
20160414
20160720
20160711
20160521
20160508
20160104
20160421
20160711
20160607
20160915
20160509
20160113
20160216
20160507
20160404
20161002
20160924
20160211
20160110
20160719
20160709
20160124
20160620
20160221
20160206
20160805
20160524
20160709
20160923
20160922
20161005
20160418
20160118
20160721
20160603
20160515
20160719
20160410
20160413
20160817
20160902
20161022
20160320
20160724
20160906
20160822
20160211
20161103
20160906
20160114
20161023
20160801
20161022
20161021
20160801
20160516
20161107
20160210
20160715
20161115
20160610
20160524
20161001
20161011
20160820
20160606
20160112
20160423
20160210
20161009
20160502
20160413
20160818
20160111
20161001
20160723
20160905
20160702
20160602
20161110
20160418
20160924
20161123
20160101
20160620
20160409
20160607
20160919
20160316
20161121
20160601
20160203
20160723
20160619
20160113
20160702
20160913
20160416
20160118
20161008
20160108
20160804
20160102
20160119
20161102
20160524
20160808
20160307
20160601
20160112
20160502
20160221
20160408
20161108
20161115
20160909
20161103
20160521
20160615
20160209
20160602
20160411
20161021
20160918
20160310
20160921
20160307
20161004
20160604
20160507
20161004
20161018
20160112
20161009
20160924
20160416
20160511
20160106
20160503
20161121
20160424
20160923
20160518
20160424
20160214
20160219
20160117
20160804
20160404
20161119
20160119
20161110
20160819
20160512
20160601
20160110
20160909
20160913
20160702
20160216
20161115
20160118
20160920
20161122
20160416
20160607
20160111
20160608
20160816
20160416
20160616
20161022
20161112
20160416
20161018
20160205
20161103
20160723
20160920
20160816
20160424
20160517
20161020
20160814
20160720
20160518
20160704
20161023
20160119
20160209
20160505
20160112
20160708
20160614
20161101
20160202
20160624
20160623
20160308
20160217
20160107
20160124
20160112
20161006
20160824
20160302
20160119
20160902
20160201
20160514
20160516
20160424
20160503
20160217
20160924
20160902
20161123
20160204
20160923
20160215
20161019
20160202
20160506
20160601
20160611
20160517
20160409
20160814
20160715
20161118
20160121
20160110
20160506
20160919
20160501
20160618
20161114
20161102
20161016
20160423
20160919
20160811
20160109
20160715
20160406
20160424
20160112
20160210
20160817
20160308
20160211
20160109
20160112
20160806
20160204
20160424
20160818
20160911
20160615
20160805
20161108
20161021
20160303
20160312
20160403
20161110
20160414
20160906
20160810
20160406
20160214
20160803
20161111
20160520
20160621
20160115
20161103
20160312
20160405
20160517
20161019
20160615
20160110
20160811
20160910
20160113
20160802
20160708
20160505
20160817
20160816
20160415
20160505
20160914
20161010
20160522
20160719
20160503
20160113
20160403
20160221
20160507
20160713
20160211
20160714
20160216
20160623
20160503
20160901
20160903
20161023
20160804
20161009
20160905
20160806
20160622
20160202
20160313
20160103
20160514
20160516
20160410
20161005
20160706
20160901
20160724
20160608
20160218
20160717
20160920
20160124
20160913
20160113
20160610
20160706
20160715
20160805
20160117
20161005
20160115
20161024
20160719
20160214
20160624
20160113
20160311
20160824
20160621
20160501
20160906
20160322
20160202
20160206
20161117
20160809
20160901
20160815
20160110
20160908
20160211
20160316
20160604
20160507
20160422
20160516
20160402
20160623
20161101
20160114
20160105
20160610
20160522
20161108
20160312
20160717
20160815
20160813
20160507
20161120
20160315
20160301
20160216
20160502
20160812
20160702
20160421
20161001
20161021
20160607
20160107
20160101
20161012
20160519
20160813
20161014
20160312
20160320
20160201
20160318
20161113
20160818
20160120
20160122
20160314
20161109
20160119
20160913
20160706
20160310
20160504
20160916
20161005
20161006
20160923
20160501
20160906
20161104
20161018
20160510
20160803
20160316
20160910
20160310
20160324
20160201
20160205
20161117
20160517
20161008
20160918
20160713
20161011
20161002
20160113
20160817
20161122
20160303
20160408
20160204
20160320
20160714
20160210
20160501
20161120
20161123
20160218
20160119
20160818
20160723
20160614
20160124
20161019
20160211
20160814
20160503
20160407
20160103
20160718
20160613
20160612
20160515
20160808
20160306
20161022
20160216
20160206
20161109
20160122
20160308
20160512
20160205
20160605
20160522
20161003
20161021
20160603
20161024
20160602
20160321
20160403
20160918
20160422
20160716
20160110
20160221
20160324
20160903
20160820
20160922
20160521
20160204
20160601
20160501
20160515
20160208
20160624
20161006
20160923
20160822
20161020
20160602
20160724
20160622
20160610
20160705
20160208
20160604
20160514
20160711
20160120
20160101
20160523
20160104
20160703
20160919
20160717
20160211
20160901
20160904
20160424
20160510
20160519
20160113
20160103
20160319
20160418
20160114
20160719
20160405
20160711
20160921
20161019
20161117
20160907
20160807
20160702
20160708
20160223
20160624
20160821
20160312
20160119
20160324
20160823
20160809
20160814
20160223
20160803
20160515
20160820
20161023
20160311
20161114
20160510
20161019
20160720
20160921
20160117
20160810
20161010
20160904
20160104
20160204
20160108
20160606
20161102
20160316
20161117
20160217
20160811
20160517
20160312
20160615
20160712
20160105
20160713
20160617
20160811
20160818
20160913
20161101
20160401
20160514
20161117
20160910
20160308
20160512
20161102
20161120
20160902
20160223
20160107
20160122
20160911
20160309
20160904
20160909
20160901
20160903
20160601
20160710
20160202
20160118
20160120
20160401
20160301
20161009
20160514
20160220
20161120
20160119
20161022
20161017
20160919
20161014
20160713
20160424
20161106
20160907
20160913
20160418
20160722
20161014
20160423
20160612
20161016
20160222
20160910
20160212
20161120
20160908
20161116
20160504
20161106
20160807
20160720
20160412
20160106
20160605
20161004
20160807
20161106
20160910
20160104
20160324
20160518
20161118
20160316
20160223
20160415
20160913
20160724
20160320
20160818
20161003
20160316
20160519
20160804
20160711
20160416
20160622
20160416
20160616
20160209
20160503
20160316
20161020
20160623
20160213
20160715
20160717
20160708
20160805
20160703
20160402
20160303
20160124
20160121
20160817
20160719
20160314
20160607
20160512
20160422
20160413
20160106
20160819
20160220
20160808
20161011
20160517
20160516
20160317
20160511
20161105
20161009
20160308
20160805
20160320
20160620
20160112
20160506
20161114
20160105
20160108
20161024
20160422
20160114
20160308
20160606
20160803
20160316
20160705
20160414
20160819
20160324
20160616
20160611
20160504
20160315
20160512
20160802
20160104
20160214
20160322
20160422
20160506
20160421
20160623
20160918
20161002
20160705
20160420
20160522
20161102
20160213
20160616
20161014
20160522
20160615
20161103
20160218
20160816
20160809
20160409
20161117
20160109
20160707
20160101
20160913
20160423
20160502
20160622
20160601
20160401
20160311
20160213
20160123
20160402
20160216
20160615
20160224
20161006
20160417
20161005
20160223
20160213
20160217
20161014
20161023
20160614
20160218
20160816
20160804
20160212
20160104
20160323
20160811
20160514
20160624
20160623
20160506
20160819
20160921
20160116
20160904
20161123
20160204
20160109
20160321
20160404
20160511
20160604
20160624
20160106
20160602
20160913
20160309
20160814
20160422
20161107
20160306
20160710
20161024
20161017
20160814
20160305
20160413
20161003
20160102
20160108
20160718
20160819
20160312
20160818
20160211
20160112
20160519
20160902
20160707
20161106
20160401
20160524
20161118
20161123
20161003
20160618
20160120
20160611
20160516
20160716
20160402
20161023
20161103
20160816
20161101
20160903
20160110
20160811
20160606
20160505
20160910
20160504
20161105
20160616
20160417
20160921
20161001
20160302
20160817
20160115
20160404
20161013
20160505
20160707
20160222
20161014
20160813
20160910
20161003
20161003
20160121
20160222
20160612
20160523
20160924
20161122
20160617
20160209
20160423
20160307
20160221
20160623
20161107
20160809
20160714
20160609
20160610
20160321
20160811
20160704
20160816
20161114
20161117
20160122
20160424
20161116
20160207
20160514
20160604
20160813
20160924
20160113
20160906
20161114
20160719
20160924
20160307
20160907
20160406
20160806
20161014
20161023
20161124
20160604
20160617
20160417
20160410
20160309
20160509
20160423
20160814
20160714
20160910
20161104
20160705
20160221
20160521
20160804
20160217
20160224
20160309
20160705
20160919
20161117
20160410
20160305
20160623
20160206
20160623
20160814
20160806
20160424
20161102
20160413
20160716
20160801
20161006
20160101
20160309
20160102
20160310
20160910
20160921
20160105
20160917
20161108
20161015
20160606
20160413
20161113
20160124
20160316
20161108
20160818
20160220
20160718
20160613
20160309
20160120
20160602
20161120
20160710
20160212
20160120
20161003
20160219
20160317
20160513
20160620
20160809
20160109
20160502
20160619
20160212
20161108
20160904
20160516
20160323
20160319
20161012
20160523
20160524
20160117
20160703
20160322
20160708
20160715
20160810
20160416
20161012
20161103
20161122
20160704
20160920
20160307
20160921
20160823
20160904
20161021
20160708
20161009
20160206
20160815
20160422
20160604
20160605
20160711
20161103
20161110
20161012
20160717
20160106
20160320
20160721
20160913
20160816
20160122
20160511
20160224
20160123
20160819
20160403
20160202
20160716
20160504
20161006
20160522
20160104
20160617
20160415
20160123
20160721
20160907
20160624
20160308
20160308
20160722
20160907
20160224
20160607
20160316
20160314
20160106
20160707
20160416
20160418
20160913
20160808
20160301
20160202
20160623
20161014
20161123
20160511
20160411
20161019
20160120
20160305
20160603
20160310
20160814
20160709
20160204
20160209
20160820
20160824
20160310
20160212
20160601
20160701
20160718
20161002
20160803
20160206
20160813
20160707
20160421
20161110
20160809
20160421
20160309
20160812
20161111
20160724
20160124
20161009
20160122
20161114
20160922
20160321
20160421
20160407
20161115
20160810
20160310
20160920
20160618
20160110
20160805
20160223
20160612
20160204
20160816
20160212
20160903
20161008
20160601
20161012
20160711
20160219
20160206
20161109
20160222
20160319
20160609
20160511
20160701
20160305
20161120
20160722
20160424
20160408
20161011
20160110
20160806
20160206
20160919
20160315
20161009
20160420
20160414
20160107
20160811
20160914
20161112
20160822
20160314
20160416
20160120
20160318
20160706
20160523
20160210
20160709
20160810
20161020
20160306
20160711
20160916
20160718
20160906
20161024
20160604
20161022
20160710
20160717
20160512
20160512
20160416
20161014
20160701
20160312
20160524
20160111
20160709
20160508
20161012
20160403
20160719
20160522
20160721
20160614
20160407
20160119
20160102
20160703
20160824
20160311
20161016
20161111
20160324
20161018
20160813
20160222
20161001
20160421
20160509
20160422
20160904
20161020
20160804
20160105
20160620
20160319
20160502
20160720
20160805
20161008
20160520
20161008
20161123
20160207
20160609
20160821
20161117
20160124
20160901
20160222
20160405
20161017
20161001
20160719
20160824
20160623
20161124
20160312
20160324
20160411
20160702
20161121
20160908
20160907
20160505
20161014
20160623
20160312
20160907
20161104
20160517
20161022
20160901
20160705
20160813
20161015
20160902
20160201
20160104
20160919
20160901
20160119
20160903
20160102
20160503
20160508
20160215
20161111
20160506
20160518
20160613
20160104
20161024
20160708
20160824
20160318
20160805
20160718
20160217
20160519
20161107
20160910
20161111
20160410
20160913
20160819
20160317
20160215
20160521
20161109
20161120
20160105
20160816
20161006
20161108
20161105
20160808
20160714
20161119
20161011
20160714
20161115
20160708
20160921
20160714
20161112
20160920
20161115
20160824
20160322
20161107
20160709
20160418
20161017
20160821
20160801
20160119
20161109
20160714
20161002
20160618
20160521
20160603
20160523
20160913
20160624
20160321
20160307
20160404
20160814
20161020
20160819
20160505
20160103
20160601
20160504
20160410
20160117
20160807
20160318
20160522
20160906
20160601
20160511
20160713
20161109
20160501
20161001
20160423
20160916
20160110
20160408
20160515
20160201
20160215
20160407
20161118
20160906
20160606
20160213
20161023
20160204
20161019
20160823
20160817
20160511
20160214
20160719
20160310
20160605
20161005
20161010
20161016
20161004
20161122
20160809
20160906
20160502
20160611
20160819
20160309
20160712
20160123
20160205
20160224
20160220
20160523
20160419
20160710
20161005
20160904
20160205
20160714
20160503
20160405
20160102
20160405
20160412
20160623
20160520
20160914
20161001
20160318
20161105
20160810
20160924
20160322
20160221
20160419
20160622
20160822
20160623
20161005
20160919
20160507
20160608
20161021
20161024
20160806
20160711
20161006
20160415
20160221
20160121
20161016
20161001
20160611
20160408
20160215
20160420
20161123
20160814
20160820
20160122
20160914
20160114
20160607
20160303
20160713
20160105
20160719
20160624
20160719
20160317
20160223
20160113
20160404
20160904
20160304
20160805
20160203
20160610
20160311
20160519
20160622
20160624
20161005
20161008
20160122
20160621
20160315
20160224
20160603
20160508
20160402
20160317
20161105
20160901
20160503
20160702
20160207
20160919
20160113
20160608
20160107
20161118
20160101
20160511
20160806
20160321
20160504
20160109
20160211
20160615
20160822
20160902
20160419
20160913
20160107
20160604
20160515
20160717
20160104
20160310
20160202
20160513
20160201
20160221
20160512
20160201
20160215
20160721
20161023
20160908
20160716
20160205
20160506
20160613
20160107
20161114
20160917
20160824
20160707
20160214
20160209
20160821
20160205
20160516
20160203
20160816
20160415
20161010
20160305
20160917
20160619
20160911
20160216
20160101
20160304
20160822
20160419
20160207
20160507
20160305
20161024
20160205
20160708
20160212
20160722
20160622
20160208
20160301
20160303
20160102
20160610
20161108
20160303
20160701
20160308
20161006
20160108
20161018
20161003
20160919
20160606
20160407
20161119
20161117
20160306
20160701
20160406
20161001
20160821
20160222
20161113
20160810
20160416
20160124
20160422
20160801
20160916
20160818
20160417
20160514
20160107
20160105
20160821
20160511
20161106
20160504
20160604
20160724
20160222
20161020
20160324
20160412
20161110
20160317
20160424
20160623
20161012
20160222
20160722
20160818
20160312
20161009
20160415
20160718
20160918
20160519
20160606
20160601
20160524
20160712
20160914
20160210
20160904
20160221
20160307
20160503
20161013
20161013
20160911
20160813
20161121
20160424
20160420
20160310
20160802
20160705
20160111
20161107
20160918
20160306
20161004
20160104
20160523
20160719
20160201
20160318
20160419
20161005
20160313
20160603
20161009
20160916
20160116
20160920
20160209
20160504
20161123
20161113
20160923
20160404
20161020
20160309
20160904
20160620
20160519
20161112
20160810
20160714
20160308
20160206
20160416
20160112
20160405
20160802
20160624
20160714
20160913
20160308
20161007
20160209
20160108
20160203
20160416
20160318
20160414
20160823
20160510
20160613
20160218
20160508
20160421
20160514
20160924
20161120
20160912
20160901
20161022
20160719
20160723
20160814
20160821
20160818
20160822
20160403
20160121
20161123
20160924
20160204
20160615
20160312
20160813
20160205
20160506
20160912
20160302
20160906
20160717
20160519
20161113
20160605
20160820
20160301
20161023
20160816
20160906
20160415
20160717
20161115
20161019
20160521
20161024
20160805
20160403
20160307
20161101
20160402
20160121
20161111
20161006
20160705
20160116
20160205
20160507
20160505
20161004
20161014
20160318
20160522
20161013
20160212
20160906
20160516
20160517
20160323
20160409
20160918
20160816
20161001
20160518
20160712
20160419
20161119
20160816
20160304
20160107
20160812
20160804
20160301
20160520
20160602
20160112
20161018
20160805
20160120
20160822
20160811
20160318
20160610
20160308
20160906
20160421
20160709
20160215
20160710
20160420
20161109
20160518
20161124
20160815
20161003
20160404
20160810
20161007
20160214
20160803
20160412
20160410
20160124
20160421
20160617
20160607
20161118
20160114
20161014
20160902
20160422
20160524
20160716
20160503
20161114
20161117
20161113
20160702
20160918
20160512
20160620
20160209
20160616
20160904
20160120
20160115
20161017
20160205
20160317
20160508
20160920
20160717
20161120
20161019
20160211
20161005
20161104
20160607
20160706
20160917
20160305
20160106
20160602
20161112
20160523
20160405
20161006
20160213
20160422
20161106
20160814
20160222
20160210
20160801
20160302
20161018
20160807
20160405
20161024
20160401
20160121
20160406
20160515
20160112
20160908
20161101
20161009
20160814
20161015
20161018
20160814
20160314
20160122
20160812
20160122
20160615
20160820
20160504
20160722
20160221
20160213
20160508
20160523
20160410
20160419
20161015
20160424
20160915
20160405
20160201
20160614
20160808
20161118
20160612
20160222
20161004
20160112
20160119
20160707
20161021
20160610
20160507
20160202
20160305
20160521
20160503
20160215
20160317
20160902
20161105
20160108
20160713
20160902
20161009
20160603
20160910
20160613
20160504
20160803
20160820
20160714
20160217
20160722
20160610
20160710
20160110
20160506
20161119
20160106
20161108
20160913
20160412
20160916
20160115
20160821
20160604
20161010
20160416
20160915
20160706
20161005
20160715
20160801
20160516
20160523
20161020
20160201
20160406
20160516
20161105
20161018
20160101
20160304
20160818
20160510
20160912
20160904
20161112
20160405
20160901
20160514
20160314
20160223
20160118
20161015
20160514
20160518
20160114
20160313
20160802
20160508
20160506
20160620
20160615
20160623
20160515
20160214
20160624
20160114
20160903
20160910
20161108
20160110
20161124
20161124
20161022
20160714
20161103
20160411
20160918
20160417
20160724
20161017
20160510
20161123
20160312
20160205
20160318
20160508
20160709
20160212
20160812
20161019
20160912
20161005
20161012
20160324
20161007
20161114
20160717
20161016
20160120
20160923
20160505
20160222
20161118
20160317
20160218
20160622
20160205
20160418
20160819
20160905
20160224
20160805
20160716
20160210
20160513
20160408
20160819
20160212
20160619
20160615
20160604
20160702
20160817
20161114
20161115
20161015
20160711
20161004
20161019
20160411
20160506
20160810
20161022
20160201
20161016
20160512
20160306
20161007
20160914
20160306
20160507
20160520
20160814
20161104
20160602
20160106
20160318
20160621
20160422
20160512
20160414
20160306
20160312
20160103
20160201
20160808
20160117
20160903
20160202
20160506
20161104
20160819
20160215
20161009
20160807
20160116
20160420
20160623
20160114
20160511
20160708
20160603
20160706
20161001
20161002
20160813
20160603
20160604
20160710
20160510
20160311
20161015
20160604
20160510
20160702
20160508
20160802
20160218
20160712
20160902
20160107
20160422
20160923
20160323
20160307
20160308
20160711
20160302
20161023
20160908
20160409
20160321
20160710
20160208
20160320
20160802
20161118
20160611
20160511
20160110
20161002
20160512
20160922
20160610
20160905
20161110
20160306
20160322
20161111
20160605
20161006
20160915
20160419
20160412
20160715
20160406
20161011
20161017
20161005
20160906
20160224
20161116
20160310
20160901
20160808
20160515
20160124
20160407
20160207
20160312
20160819
20160317
20160808
20160920
20160323
20160302
20160419
20160623
20160418
20160411
20161004
20161115
20160524
20161001
20160205
20160415
20160318
20160601
20160401
20160624
20160517
20160317
20161005
20160103
20160512
20161123
20161023
20160601
20160418
20160205
20160412
20160315
20161002
20160412
20160911
20160310
20161106
20160421
20160610
20160112
20160216
20161011
20160619
20160505
20160621
20161123
20161114
20160507
20161003
20160613
20160424
20160921
20161110
20160904
20160320
20160314
20160601
20161014
20160618
20160203
20160807
20160904
20160913
20160416
20160216
20160201
20160305
20161011
20160803
20160313
20161112
20160407
20160714
20160121
20160516
20160405
20160221
20160416
20160820
20160420
20160409
20160306
20160102
20160713
20160205
20160204
20160113
20160818
20160612
20160112
20160721
20161118
20160108
20160701
20160512
20160910
20160619
20160301
20160924
20160213
20160907
20161116
20160211
20160506
20160816
20160412
20160511
20160410
20160906
20160719
20161122
20160520
20160523
20160711
20160706
20160605
20160120
20160314
20160920
20160812
20160709
20160113
20161018
20160506
20160915
20160913
20160323
20160923
20160602
20160918
20160311
20160208
20160315
20160203
20160122
20160917
20160114
20160811
20160114
20160621
20161006
20160509
20160610
20160822
20160721
20160415
20160521
20160201
20160419
20160809
20160503
20160623
20160203
20160909
20161114
20160605
20160621
20161020
20161109
20160504
20161019
20160721
20160702
20160418
20160413
20160815
20160602
20160502
20160517
20161011
20160507
20161010
20161119
20160815
20160720
20160905
20161118
20160114
20160607
20161114
20160603
20161117
20161108
20160420
20160219
20160905
20160705
20160217
20160308
20160216
20160813
20160521
20160805
20160602
20160324
20160424
20160817
20160810
20161122
20160623
20160504
20160114
20160812
20160818
20160622
20160406
20160804
20160124
20160923
20160108
20161021
20160608
20161112
20160419
20160606
20160323
20161110
20160716
20161120
20160610
20160818
20160407
20161117
20160323
20161019
20161019
20160211
20161101
20161023
20160513
20160710
20160620
20160605
20160702
20160112
20160102
20161016
20160917
20160715
20160107
20160207
20160210
20160922
20161122
20160814
20161003
20160912
20161002
20160913
20160416
20161113
20161020
20160216
20160905
20160506
20160302
20160222
20160416
20160320
20160304
20160712
20160806
20160711
20160105
20160209
20160612
20160820
20160304
20160509
20160618
20160406
20160723
20160509
20160319
20160320
20160923
20160721
20160403
20160314
20160723
20160210
20160105
20160424
20161016
20160904
20161011
20160308
20160117
20160621
20160724
20161008
20161014
20160310
20160417
20160415
20160920
20160306
20160602
20160403
20160424
20160508
20160507
20160823
20161120
20160404
20160619
20160612
20160716
20160705
20160917
20160422
20160512
20160103
20160722
20160412
20160802
20160419
20161024
20160615
20160109
20160813
20161113
20161004
20160111
20160806
20160909
20160714
20160304
20160923
20160202
20161007
20160605
20160310
20161001
20160514
20161107
20160922
20160806
20160308
20160801
20160511
20160219
20160806
20160412
20161104
20160821
20160307
20161006
20160719
20160718
20161101
20160302
20160620
20161124
20161008
20160209
20160724
20160108
20160505
20160406
20160123
20160112
20160313
20160709
20161002
20160722
20161001
20160523
20160214
20160201
20160410
20160411
20160305
20160922
20160821
20160420
20160912
20160415
20161103
20161123
20160423
20160706
20161101
20160822
20160605
20160824
20160411
20160903
20160904
20160614
20160307
20160717
20160204
20160816
20160807
20160910
20160401
20160514
20160621
20160210
20160214
20160202
20160218
20160221
20161021
20161001
20160108
20160102
20161107
20160409
20161103
20160510
20160319
20161008
20160604
20160104
20160513
20160308
20161110
20160214
20161014
20160513
20161014
20161113
20160320
20160107
20160710
20160120
20160112
20160415
20160902
20161002
20160212
20161120
20160716
20160709
20160523
20160702
20160919
20160508
20160610
20161014
20160524
20161111
20160515
20160323
20161024
20160411
20160423
20161109
20160303
20160317
20160618
20160206
20160724
20160512
20160302
20160424
20160323
20160106
20160410
20160102
20160603
20161121
20161109
20160611
20160905
20160406
20160123
20160207
20160915
20160714
20161101
20161122
20160613
20160817
20160312
20160619
20160302
20160620
20160403
20160902
20160908
20160118
20160712
20160109
20160403
20161004
20160418
20160119
20160917
20161114
20160712
20160923
20160201
20160402
20160410
20160922
20160513
20160509
20160910
20160613
20161003
20160614
20160824
20160403
20160108
20160214
20160103
20160522
20160507
20160916
20160317
20160907
20160409
20160612
20160208
20160309
20160413
20160801
20160510
20161109
20160105
20161117
20161124
20160914
20160704
20160414
20160210
20160220
20160121
20160815
20160605
20160502
20160420
20160718
20160206
20160705
20161117
20160908
20161010
20160703
20160713
20160521
20160704
20160219
20160413
