2000
-357161 -421150 -357161 -276209
-719043 -1063664896 -719043 58385
464086 -120076 464086 410844
-223041 156935488 -57170 156935488
402452032 1553494336 402452032 2000838720
212341 232371 212341 340307744
-1855158208 -712330 255711 -712330
-666634 -78476 939581 -78476
-849838 -1988492384 -849838 2100557376
-2065096576 -469527 -2065096576 1082583968
-2096449120 -397971 -1742690496 -397971
106006 -835754496 106006 187782624
469579 -542520 706697 -542520
-1644373696 -1775204768 -1644373696 828237
-1515641216 -292384 -133327 -292384
-394525 -289287 -394525 601913
685008 -708377 685008 -583311
-844976 -1617995616 -844976 671196
-447902 -1303874624 644337 -1303874624
833378 -900410 833378 908807936
-332370 955911456 272493 955911456
-615527 67271 -325952 67271
-58855 -1750367776 593406048 -1750367776
1974371712 -584553 1974371712 566825
787971 456044 787971 978749
588655 -622434 588655 965306
-119203 1404926272 904899680 1404926272
322949 348222 322949 981781
-811085 -361239 955251 -361239
352178912 -132350 959133152 -132350
927663 -701504 1076998400 -701504
426108 854182 426359 854182
874885216 12776 874885216 1104560064
-1764829472 -1611903136 -289552 -1611903136
-282058 199886 -282058 206166
490813 266454 646422 266454
224430 -378432 224430 916539104
570165 -547788 1888290464 -547788
419603 -1441091904 419603 1388950432
806441 -733933952 806441 458310720
-602587 -1954205280 650771 -1954205280
-1148028704 -1072621568 773120 -1072621568
-101870848 579790496 1851614336 579790496
698639616 -1331619232 790007616 -1331619232
125322 -360659 560106 -360659
-831692 774196160 -358607 774196160
845524 -370171 527697536 -370171
67633 601240 67633 902669
-183936352 460446 -183936352 909556768
-316271 975289 466378 975289
-680576 -376828 -312618 -376828
-2088911072 1442898560 1132588512 1442898560
-370909 -910240 -370909 -870291
-231885 -877840 -231885 39517
91589 -433203360 1582958176 -433203360
-275516 941088 658126 941088
-814237 -884786 191612128 -884786
916011 949855 1726676032 949855
-855510 -1452716352 -855510 -882883
-1019146816 1004655168 -476336 1004655168
257895 -231968 257895 664216
744314336 -829175 744314336 574797
-907617 -701589 -907617 518068
-1099499968 611967328 553544 611967328
-292645 429842 -292645 664773
-27915872 -663008 1596162336 -663008
685856 -1271476224 685856 1966407296
-541344 -940360 -541344 -435589
-717407 -992543872 84021 -992543872
-67894 -83551200 -63479 -83551200
-804995 152081 614241 152081
-545057 -983407552 1121182336 -983407552
-97522 317449 -97522 619906592
-274508512 -587772 -867201 -587772
-90260 125 946581 125
-961176 1660566304 1741000000 1660566304
256872 642160 256872 1984067040
78494688 422748 466891328 422748
-918383 -569334 1525899136 -569334
-262240 -507707 -262240 54716
1671309280 -609918 1671309280 426526720
-246575 -1339768384 -246575 -496601
70689 -176295 70689 1765843584
-228511 -163707 -228511 544573
-713525888 -262274752 -713525888 -363546
561008 -1425730464 561008 393508832
-17441 -577623040 663823 -577623040
-1359368928 567657 2138250912 567657
-678838 1610345280 -626291 1610345280
-2146230304 416646656 -2146230304 1121209280
216772 -901889376 411524576 -901889376
316358 -503249 545146 -503249
-1242824992 -385520768 -1242824992 825827
-462640 209195 2459 209195
181594 714970 470927 714970
227007 -1084150208 227007 -290343
-738234 371841 1489286784 371841
-791422 449256 -614124 449256
-758961 -1532716800 297116 -1532716800
758883 1057099040 1006226496 1057099040
456607 -360767 898667 -360767
-822346 -172290 337392 -172290
984069 -927714 984069 -2825
-1766832256 -696112 -1766832256 -154012
-137479 550605 -137479 1429100064
909972 560238 538324640 560238
409004 -27866 402421792 -27866
865691 -981737 865691 -540259
783363 -834780 1394064128 -834780
-637902 -1921002656 -637902 550844
684590 268450 684590 442522
-1131544160 -854986 -1131544160 1895900672
-965718 513326 694215 513326
-829482 -89717 -182569 -89717
-67758 -768400704 -67758 224792896
138710 -555193632 1244488832 -555193632
466635 -2034501248 466635 58879
822200 879681 982858 879681
-1881146752 -345156160 -1214041120 -345156160
-598980 6723 610855904 6723
1438565440 -518508 1438565440 433624
-378985 365180 -230476 365180
-94163 -1417470528 -94163 -950222
-149224384 -22816 -149224384 109731
904386 -619990432 904386 488391
-546873216 135936 -546989 135936
90601 -114680 352317 -114680
798331328 970624 855254432 970624
934545 952022 934545 957488
-893209664 -186605 -376603 -186605
61181 -57020416 61181 -807204
-65501920 1713712000 612563 1713712000
510917472 -238262 510917472 615298
-234346 433230 189662 433230
663015 -869456 663015 241500800
388679 -76850912 388679 -341977
-1174129824 473781 2113128576 473781
389207 -245403968 711357 -245403968
55349 305619 149128864 305619
-994532 585551 531229 585551
-721467 -149396 -721467 378390816
-476680 -753396 -69007 -753396
374088 -2006162304 374088 379847
140734 -884349 275697 -884349
822419 -1198824000 822419 420928
531034 -161827 531034 2037284896
235502 -205746 235502 62785
-28773696 295370 -28773696 1964872800
-552934 -715770 139375 -715770
-478236 -710794336 110857760 -710794336
49778 -465510 49778 459793
-379143 886216 -379143 961956
-40135 -579971 1437962720 -579971
671519 1814795392 723551 1814795392
354577 -680685 13513152 -680685
-1738562176 -267823 -1738562176 -123845
-361829 -752961 -361829 572861
-856910 -896549 474658 -896549
350346 -716288 350346 1824722464
-151301120 875701 -610402 875701
1340705248 -1020689696 1340705248 -561465760
2111176096 -709484 2111176096 -263993
-1095551296 -889056192 -1095551296 -892595
-870393 640820064 109331 640820064
-274714 407000 -274714 1491073088
-1542063008 -191516320 -1542063008 -132635
960363 -574195 960363 928495
-1854073728 -981659 -737318 -981659
237954 498564 237954 13444288
166547 76751 166547 987016
329569856 -959599 329569856 40942176
-767665344 298471 -910716 298471
-2081911968 -975100608 -155842 -975100608
-787989 -772186496 -787989 -10928
-66800 -703946 160243 -703946
-923959 796755 -423030 796755
203436 440692 216225 440692
878128 -860967 989980 -860967
-255715488 361536 -255715488 839766
-1712111936 -1658512928 801640 -1658512928
116052 1614178080 815202112 1614178080
962064 -890570 962064 554120
-829418 -829863 -829418 76737
333984 -1222796288 333984 101457
-633997 -292918 142207 -292918
162980 -44917 1789669760 -44917
-1472427680 734574 65287 734574
-709541 -875329 -709541 690796
-629445 -846509152 885788 -846509152
258981 663823 258981 692159
-1263133952 -992166 -1263133952 1239185312
169150 -1167501696 169150 401710
47597 -136757 47597 1853049728
-824602 -582058 936470 -582058
-305005 -1424038176 -305005 -471897
89131 -1851607456 89131 -1638323136
517347392 -622710 517347392 133239
151125 -1867947680 342143 -1867947680
-322075 -121599 -322075 393626
-661380 -406103392 -17414 -406103392
-725749 691314752 284641 691314752
-343351 -212813 -343351 711902464
-621478 46527 2124568288 46527
800038 -497322 800038 139028
737951 -1148938624 737951 464318
321645 813675 619699 813675
2047839840 -1069937024 2047839840 -385465
-838471 -129311552 -838471 1800050144
-685027 -760289 -685027 -57360
-1491413824 87768 801016 87768
-1687061760 1288355392 605268 1288355392
-517918080 -311404 -352344 -311404
-3102 -766226 -3102 582312
-779758080 -1135689248 -779758080 -864615
1259919136 -995530528 1259919136 -975300320
412656 -943184 412656 626541
310038176 947920 948232384 947920
-295774 67827 -295774 896847840
-1499928864 -201758976 -1499928864 -284895
584067 -422094496 584067 708495
-407718432 -503517 -407718432 960501
-513605 -1329240384 -513605 200897
583922 503073 773470 503073
60815 640561 60815 783313
579145856 -1339029728 579145856 866429
83370 626922 1492431232 626922
-873284 58165 -873284 256929
-420420 -377615040 -420420 214593
-896794 -440852192 -896794 -153287
-1845822176 -90541920 807191 -90541920
-244266 340074 -244266 747425
-338587 -580122 -338587 905225
908823 -156767 908823 35558112
610557088 -519957 610557088 275527
-657838464 958051 -930163 958051
573985 -563534 573985 737555360
277339 -218078 741937 -218078
-345705 330312 192527136 330312
-981518848 478013 228313408 478013
-551330592 -1869327680 -551330592 2071713024
131948 521093 131948 556674
-363056032 -152882624 -363056032 1521040544
1789614368 -431131712 1789614368 -248167
838156 -1089107904 838156 -596194
-777231 126780 -327892 126780
-991700 -65869 -991700 432197920
-812452000 371463 -309380 371463
-602837 255640 599703 255640
958093 -567500 958093 798689
858061440 -340287 858061440 519542
-608799232 -1603992320 -608799232 -346433760
454084 -1398088256 454084 -152964960
-1307356512 -1981728320 -1307356512 -1293969408
-1292413056 633228 -1292413056 1469818880
582890 -4995 582890 540742
-673745 -1428885088 -597958 -1428885088
-915647 -382930 -378522 -382930
334931 -1815404704 334931 -1138684288
-174802 1954010656 1770210240 1954010656
-835161 -559818 -835161 168074
297665 -608802 297665 986024
-933116 -661154176 432570 -661154176
-185880448 -568132 1182574496 -568132
-494398 1314169376 65144416 1314169376
-949872 74452 35686 74452
2120434880 615479456 2120434880 848399648
-1891983744 904589 -1096452832 904589
-1660564512 -1402056992 -1660564512 -681997
-469055200 -545680 -524028 -545680
-202820 378478 -202820 2011581696
-853743 -381504 -853743 914953
-766625 -913481792 864440 -913481792
-557703 -405245 13908 -405245
1808002880 -39413 1808002880 931494
-380607 194612 108777 194612
-520085536 1362426240 -123839 1362426240
-568436 -507599 -568436 726599
53660 105684 53660 499462
-467902 -266525 946727 -266525
-405225 -495519 1050543072 -495519
587462 -1318321056 587462 16439
-495442 963066 223858 963066
-47302 464457 -47302 811786
-364561 101817248 752719 101817248
-685923 291362 806679 291362
-191518 -424829 -191518 1629735936
-359721 -766791 -359721 332738
-356016 -991379 446222 -991379
-688222 -1367560000 -688222 347193
-777835840 27772 -777835840 1475667936
237620992 -2095218528 237620992 -220643
621831 655770 621831 1666348288
1473079200 193932 1473079200 94901984
-2089176352 -575615 1706323360 -575615
-601781 838233 -258859 838233
-1843048704 -494046 752993 -494046
-913840 -1667679488 445329 -1667679488
-1287128096 997305152 -979274144 997305152
-927073 -543619 -613210 -543619
-922001 -344862 -922001 718626
1570049536 -351294 1771531552 -351294
-2080305312 -1345973440 -725275 -1345973440
96214 -1770290784 96214 -91625
276369 167972 341734752 167972
555195424 -461124 555195424 -349404
987393 -556480 1492735136 -556480
175041 522378 286207 522378
-27645504 441612 1829379552 441612
-815609 154440 -538896 154440
-1097849600 -892180576 -1097849600 -778777
119270 -634691 119270 607733312
-1770495584 -556070016 -1770495584 -150322
-493746080 215818 -493746080 704070
-892335 -734642368 -892335 -563864
591931 -187484 591931 1667180960
-398605 2132156640 1069448672 2132156640
-388886784 826334 -388886784 980645
710523 -839343 710523 437447
301881 425945 301881 324775040
618964 352683 618964 1803130816
-896614 -706818 554475 -706818
-196515936 -602774 -196515936 134070
786542496 -652453 786542496 -630678
257091 -112198 257091 26506
766999 -525957 766999 926452704
-1478832448 181239 -449726 181239
-914167 -346242432 -914167 -659927
899198 -1098349920 1514874112 -1098349920
404155 -76222 404155 580234
-703010 559837 373430 559837
-778507424 1750297408 -812558 1750297408
-668206 710320 47513120 710320
-735816 -296906 1420411968 -296906
947721 -478084032 947721 986211
-305300256 -673501 691141 -673501
408032 -587548 408032 473890
-212800768 980122080 272393 980122080
-138631 909532 837385 909532
-645175 -287553 833874 -287553
555645 -792790 555645 669247
-682373 -915625 -301495 -915625
-1820879488 240595 255483 240595
-381066 370072 -381066 1057290368
-939436 531093 -797380 531093
341877 31669 341877 626131
-896491840 375681120 -558307840 375681120
-859765 2042895616 1699764096 2042895616
-499320 1769535360 2063389312 1769535360
389764960 -262943 1222772928 -262943
-380528 626844 -380528 881777
-453052 -1194866944 -453052 -40512
1375860352 -745496128 1375860352 -181666496
-419047 -1187923232 435296 -1187923232
-281975 -390889 -281975 193991
-353631 -372983104 -353631 -285857
-267614 107768704 136284 107768704
-1197054464 279097 881738 279097
464253 932961 630960 932961
-579458 -2033895232 -579458 -906615328
912588 525484 912588 539772
-647357 -41418 578160 -41418
-672535 -670459 1544227168 -670459
-828590 -390915 -28936 -390915
-692650 664266 -468891 664266
1700096448 -795809 1700096448 -290222
93384 506059 485915 506059
380574 -766451 981392 -766451
1530223872 -659175 1530223872 -473486
828937 -115113632 692066880 -115113632
-1619884320 -143643 -135624 -143643
-176551008 -1632969312 -176551008 -315501
1595965920 -93285 1595965920 -22695
-984765 690389 716722432 690389
-863433 -247115 495762 -247115
875141 -281551328 983940 -281551328
-1606300800 -866663 577705376 -866663
-121998 -610084 1334616064 -610084
-1108045248 -337790 -1108045248 -337130
-273054 -744437 -273054 -615409
-711051232 -506110 -711051232 -260696
1674995968 542138 1674995968 851305760
22477 907945024 771836 907945024
-1175419104 106685 -990702176 106685
-979727456 699012 1843673280 699012
-706978304 583158304 304046 583158304
471001088 709506 471001088 167456896
-990428512 -234087 833083 -234087
505041 -524372 505041 52332
-958698 -678718 708137 -678718
-798066 839588 146756 839588
-692274976 2039472416 179801440 2039472416
-805454 -1232671264 1564148384 -1232671264
-181141024 310183 -354146 310183
-583216 7714400 236518 7714400
57989 686314 57989 1152210912
-337233 -565384 -337233 -327096
-850692864 -738576 1901716192 -738576
-286032 783654 -286032 1240971616
868989 427983 1476663488 427983
447987 -387817 447987 767950
-480491 914425 -263255 914425
-487818 962996192 -111011 962996192
-1049204992 -114223776 -1049204992 -513852
412297 623481 593230 623481
-545989 857932096 626205 857932096
569046 209097312 569046 492204992
-296197 836370 -296197 2086438208
160685 643558208 212447 643558208
-480973 775070 3626 775070
-453906944 -834246 -453906944 200514
384668032 -388980800 384668032 869513
1787952320 -135749 1787952320 374539
-735616 36598 -717508 36598
-251689 -262267 61005 -262267
44697728 -557765600 44697728 188017
1666830048 -639746 1666830048 432543744
909654 -737740 909654 -644144
-510671 -16887 -510671 156639
711254 906714 711254 423650848
1891921760 1177848544 1891921760 1997929312
-625742176 523715328 -234498 523715328
-494362 -1802564928 -198419 -1802564928
-209731 1250210336 776711 1250210336
-916819 28913216 -337665 28913216
-1347104928 -827668 -1347104928 1715518368
-837100 -1944258144 88239 -1944258144
-525731 -492809216 2063265056 -492809216
-629939360 889729 -596879 889729
-327724 -96757 -327724 634568
-319709856 1318917184 -155867 1318917184
-298353248 -779865568 2072653184 -779865568
-17802 964970528 1349761024 964970528
-595799 -678664512 -595799 -850629
-322769 -472095 513556 -472095
-667376 -1227906688 -69500 -1227906688
-2037842112 429498 -2037842112 914215
591719 -826501 797965 -826501
-973458 932651 -973458 419314432
-692439 -979697216 -692439 -17120
-1458269888 -1579541568 -1458269888 778599
-591042 -189588 -99810 -189588
-718393 -545053376 -718393 214689
-467139 -309613 717925 -309613
-748269600 -208343 -748269600 232690
-1186637248 171559 -665604 171559
-720650 373040 -501540 373040
-422758 -576448 -422758 586078
-1028711296 -468426 -580278 -468426
264735 41054 360558016 41054
-1055853184 330996864 -829161 330996864
-762039 -796462 428032 -796462
-841169 529409 1680116544 529409
-823510560 -1352463840 -823510560 228491
167922 -1791509664 167922 -926514688
539678 -524847 539678 267651
-954437 1124644160 253813 1124644160
1436052160 -291486 1436052160 710001
-620358112 -5562 -620358112 854687
884275 -1476866496 884275 553724704
1986704576 530945 2063798912 530945
-355875 -993851 -355875 -744948
430164 851797 430164 766873088
-378264768 -761692032 -378264768 -69388
-389130208 -604594 239777 -604594
-777536 -65114 -777536 683437
1808075040 95064 1808075040 1968158272
-511397440 -499036128 479539776 -499036128
-968552 -338138 1188386720 -338138
-643591 -297726 -495874 -297726
-529842 322971968 115794 322971968
-434273 -213324 -434273 1989849024
-157314 -789830 804834 -789830
-820245 -391718 -820245 296603
-1177929088 910756 -524876 910756
-210320 -404660 -210320 -253467
1186506400 -1842736416 1186506400 -278733
1046079104 74012 1046079104 990361440
-963382 -864254 -963382 99471
-322086 -985557 1238513728 -985557
-589924 1630812032 1544764320 1630812032
2136229568 -1055571136 2136229568 8057
-688049 533508 679744192 533508
361900 -846072 1575227008 -846072
-204839648 -897714 -204839648 539752
402266 -879340 402266 796670
136205 540929 552866 540929
-1090167232 621997 -373937 621997
564163776 -425845 564163776 -420650
47779 -35919 47779 1479018976
-608823 -467983 -608823 962902
782453 819977 782453 929274
-425645 -572465 377139 -572465
418116 -752558 418116 598031
231988 -537787 231988 357056
-94987 -223970112 -94987 865146176
-881095072 -630323808 -988688 -630323808
-460005 950017 863643 950017
1639953440 -505551 1639953440 549929
563411 -799023 563411 1002235904
-454372 -1646361504 291552 -1646361504
-564915 573941440 1145560928 573941440
-879473 -899790784 -179117 -899790784
-704677 -2124002400 -704677 303903
507953 -238672 507953 754255
-1666192000 -802149 1084655616 -802149
-1573999712 1961604096 704185 1961604096
-1828066624 462529 1237902624 462529
991711 1356251424 991711 1968871776
-624633 790906 -624633 139253888
359033 -1535750464 359033 155128
213473 -827578400 213473 760482
-1459911872 -910754 -1459911872 -339195
-277451 921102176 312579904 921102176
340935616 136176512 340935616 505216032
483518 1290611776 483518 1964427872
934256 -162082720 934256 83427
-665388 858334 -665388 1415135392
-868976 -973939 171919 -973939
-1936001504 -61280 218488 -61280
721330 -945732 721330 454081
-932547 610941536 -660808 610941536
-412633 -945611616 -412633 -422007
-1074231520 50427616 953262 50427616
654376 -968900640 654376 60272
-238131200 -1172872288 -238131200 522161
-22008 -756636 -22008 491301
-4734336 366702592 -331253 366702592
-2013720416 -536445 -2013720416 855108
174166 -80123 174166 1001804448
21344 -1516744256 21344 122706
-97548 -1215471424 -97548 410894
-522577 713822 -522577 157004352
2018077184 -728177120 2018077184 -961683
1491650656 -957078 1491650656 205104
-1161348736 53575 -1161348736 763804096
160306 852260 162833 852260
-1304118048 -188324864 -1304118048 -242503
141284 -833539 141284 201008640
-653475 398868 221336 398868
-198529 -802123 -198529 334198
-1916968352 82791 608147 82791
627723392 -655394 2077563872 -655394
231102 -580829 231102 -154985
-134364 -647830848 -134364 6518
1986007840 -306434 1986007840 1564856800
-1995175904 -481623 -1995175904 520200
-918662 -28301 -179305 -28301
-585344 -1229325312 -585344 -385420
210546 -835646 593160 -835646
1021396608 -872016 1021396608 1333816928
75997 -8051 482465952 -8051
236354 -476946 236354 418906
319153 -1765966048 319153 1078511040
-1494596896 -441252 -127090 -441252
-1232035008 548570 246442 548570
-649132 367370 686222 367370
-324889 -2062922528 -220640 -2062922528
45262 -629280 45262 358534
108542 651537 306566 651537
-786471840 -463167 -786471840 20611
275258 85704 779286 85704
-46066 601495 765512 601495
-642995 -604266 -642995 -231706
-106109952 -274819 -106109952 517173
-592946 -1502881984 856950016 -1502881984
-385929 -126689280 -385929 -645525
-970295 -654710784 592799 -654710784
-224614 -2121024128 -224614 -720904
271091 -879690 271091 141589
181361 -1283176128 181361 658000
-727554336 -314123 -727554336 1252077184
-285889 248983456 460963232 248983456
760887 -1083018720 760887 -582528
-748284 -1342395744 -748284 739639
-933739 250905696 1241671648 250905696
653673 -873597 762804 -873597
279365 473205 279365 1671069152
11625 -843316 1416349216 -843316
-512493 444481984 455647 444481984
-2102212544 -368083 1435872512 -368083
-877804 -459871872 -104353 -459871872
-1334641216 -517948 407280 -517948
596130 -1274817088 596130 504442
-656891 -528182 304093312 -528182
391270 -271162560 391270 119254
177162 -306628 177162 944711872
-382363 367545440 -382363 1967582496
-1668661568 -372089952 -1668661568 -49003904
-111317664 -2068229344 -111317664 -691207264
-604543360 -806142 1125849600 -806142
-790636 1075969312 -47858 1075969312
-795336 -139785 -795336 186552
440781 -1819585120 440781 -316025
513605312 -1124633984 513605312 770851
-842783 -45315 -734198 -45315
-324324 -172617 488103 -172617
-674104 -934600064 -674104 -127624
-1236841504 -12392 -1236841504 2080777184
-148828 437393 1900258944 437393
-555474 761997728 378305 761997728
38282 144128 38282 417056
-518457 -479641 -99529 -479641
385123 340345 385123 505891
-874917 161488 864027 161488
-502902 31442 1098321472 31442
-55989 136004 -55989 757250
997420 731768 997420 1040562400
-890958 802971 -377680 802971
654676 -103203840 1728730912 -103203840
33132 -735735 385714 -735735
-1853568320 22825 -329322 22825
-235575 -1348113952 -235575 363205
-390777 792284 434611 792284
-2021246784 188474 -156992 188474
886463 425486 886463 1099615840
-984379 495874912 501387 495874912
-357065 -178854400 -357065 1850655616
-165256 922235 544711 922235
-69893 2116676032 123387040 2116676032
-254136 365002 418855 365002
-1537647552 304251104 -352493 304251104
375422 140241 741210 140241
649927 256496 649927 557633
-568876 -323733 -568876 1089420192
-1700799776 -840577 -742964 -840577
-189239 395544 -189239 867677
-1916293472 -38128 -1916293472 946079
996109 -766492 996109 -692168
-2046629312 -375811968 -2046629312 -386202
-556526624 -382117 694882 -382117
36364 -184904960 633005 -184904960
-1959132736 -197885 -1959132736 728103
118247 888933728 118247 1743311776
-487768 -431673952 1160769664 -431673952
-1607031072 -1665334176 -1607031072 265121
-219086 506280 -219086 644312
1490342816 670407 1490342816 1501025312
-306112864 -341682656 -306112864 -745125
-1438127104 -963746 -1438127104 -275771
-549715 1010116480 1567279360 1010116480
-589685 2097355744 -69969 2097355744
-958538 943976512 57285 943976512
-26187 971870 343355 971870
942469 626004160 761395008 626004160
1352482400 -468999 1352482400 601720
490657 -327183 490657 47338
1805276416 -1918613632 1805276416 -1167797216
9714 -299675 1728061120 -299675
-682621 687387 -256997 687387
-1610586912 -966904448 -1610586912 -567045
-386126784 -331640 -386126784 11932
-403517952 -135469600 -683752 -135469600
-16633 268764 -16633 367736
-185250 1519831808 1514998368 1519831808
-248650 431515 -248650 295772896
180457 599603 1126331360 599603
-124754 103505 -124754 976070
710912 -84083 710912 781429
913359328 -735130 913359328 -422770
-730792 -834085 -730792 185783
-1492785440 1413194592 989970 1413194592
-2013905152 -666319968 -2013905152 244734
-468893 1456656640 102445 1456656640
-253669 462494432 -253669 1693063808
-1503996704 1581594944 -1503996704 1586948768
719070 303456 719070 706619
-203501568 566735 17755552 566735
-943718 -2054870688 -943718 836845856
-30774976 -571208 -288288 -571208
-988250 841006 -572929 841006
143201 324083392 143201 1893964960
-1364796704 19049 -607956 19049
-282713 791846 -43842 791846
-1317521920 684567456 714695 684567456
1789409568 265424 1789409568 402254
-200992 -421198 501725760 -421198
-66262432 -398131 -66262432 580744
-375125 -1929757824 353877 -1929757824
-544732 -915857 -544732 -132440
-895428 748162 948983 748162
-882997 -270656 -882997 601434240
-862028384 1538824544 -610845 1538824544
-2033300896 -756803 -2033300896 483160
-811189 1026055488 -462428 1026055488
-1613444224 -1359446176 -1613444224 579974
-491622 -241243 -491622 305870
-167689 257564 -167689 307793472
-321182 1969363712 1133360704 1969363712
-1411953824 -1864153504 -859442 -1864153504
-223320384 611766 528731712 611766
-1077099008 -1117513920 -912389 -1117513920
-1712734720 -315696 -1712734720 412961
796780 -516722816 796780 596318752
-848587 509625 398747 509625
590658 854059 914834 854059
12668 -238830 1617690208 -238830
53756 -942652 53756 -766533
-652038 597572 -652038 119827904
-947594336 759795 -342969 759795
-2109277216 828445 -71034 828445
-12472 -69580 -12472 -30275
539324 -771652640 539324 -263206528
-1267989248 491812 -833728 491812
1135434144 939084 1274216160 939084
-731177 905315 -436298 905315
38069 -665852 38069 -646283
-2073455616 -318313088 -935437824 -318313088
339590 374462 339590 948314
-698668 -211956 -698668 514664640
216469184 22321 1941417600 22321
-171415456 1185522528 167760 1185522528
1277036640 -572306 1277036640 156451936
-795675232 -1627217568 2002408544 -1627217568
-2045219072 -633067040 1197805088 -633067040
312460 144893 312460 332768
-1150387488 399293 941780608 399293
878884192 259023 878884192 629220
-549778 519722944 675417 519722944
-790461 146453 1912586720 146453
-654500896 583542 -654500896 640247584
-812144 896991 474949 896991
55837 -410141 55837 816927
-498744 -1041243872 -25474 -1041243872
1896122240 -118598816 1896122240 563390
-132957 -316051 83734 -316051
-912432 -1499972576 -912432 427846
-964675 -1782729344 -964675 416125
3877 -560165 1433480192 -560165
-834709 -518086 1116812384 -518086
744961 -308252 744961 -49041
60108 -765388 579837504 -765388
-530699168 1503046656 -530699168 1861292896
-2104670432 -497125 -2104670432 -255098
822436256 190280 1932734592 190280
1566839520 -2146453664 1566839520 -681436
-92013 411336544 -54862 411336544
498941 -194376 1346935456 -194376
-156233664 -1415382112 412218 -1415382112
-789977 643899 2146992608 643899
-2001110592 -356275200 -2001110592 -113078816
-770721 804744480 -753892 804744480
-1613612192 399169 -1410390880 399169
376061 -340620 376061 34846
-792935 971230976 -589960 971230976
-542790 917705920 206459 917705920
860182 -669698 860182 2026281728
-100302816 382759 -641221 382759
-457800224 432521 446351 432521
102364 -157489 102364 95000
1069374720 -399786 1069374720 101985
-662962 -718171 -311454 -718171
-841407 -173381 -841407 166624
580942 -753453952 157272928 -753453952
-689053280 2098668672 -568513 2098668672
404786 1096 246508800 1096
-725531 -51062 -725531 754382432
-560356 -374766 -560356 761624960
-754288 -418684 -754288 -197766
609534 -1142060480 623246 -1142060480
-980936 -1629084416 -727483 -1629084416
362948 -1085928128 2059496032 -1085928128
170972320 -1525145216 577420032 -1525145216
-157702592 -239687 -283036 -239687
-1825293152 -272016 -283709 -272016
-550151 -354546 15991 -354546
723329 724421 723329 264956000
-1803684736 -152039 -1803684736 553917824
831012 471508 831012 970058
155585 -680246 155585 -451669
-535228704 -689564 -535228704 893992
-955356 -409696 986766 -409696
-832336 -727020480 148346496 -727020480
-190881 -100682 983918048 -100682
-256222 208461056 848263 208461056
-721948 958463 -424518 958463
-1982502304 -1578371456 507999 -1578371456
-967409 -846450 -967409 -356057
-931003 -212845 -931003 257594
-289438496 458094 76430 458094
-104648 846066016 332312 846066016
-219501056 550272 465641 550272
-1608975168 980021 -485552 980021
-771421 -1920285856 -682406 -1920285856
-817080 329317 556224512 329317
-436935 -948646 -62259 -948646
-434900736 46580 -434900736 940120
-217081792 575361 -217081792 642153056
-16458 -313067 -16458 -257502
-951342 382490 -951342 1687397696
707160 -1491836896 773493 -1491836896
1125567552 -351974 1125567552 -24037
220667 902883 220667 1550969376
975768 622924 1370357120 622924
992910 -981278 23485440 -981278
-1776134752 122289 -426989 122289
478417 520687 478417 771932
-1741856032 42764 -1741856032 794735
-1579314912 -2140564192 -638922 -2140564192
1599041504 625582 1599041504 1609264096
-478988 -650406 -478988 -158984
-1719058944 -202570 1653793856 -202570
711262 243301 711262 536282
629518080 -689446112 629518080 363913
-654627 275365 550025 275365
-335084768 535996096 271610 535996096
1308060128 -944357 1308060128 615736352
-500741 -628814464 -500741 1536987936
-180521 875728 571524 875728
-389218 -244603 -389218 654008
512492 -631905 512492 -320833
-1606539136 -720386 -1596942912 -720386
719065 -1868661184 719065 1324925824
-726567168 297957120 1665463520 297957120
-625438 -1189145440 393110 -1189145440
535005 -492303 535005 475278
-432330 513939 349731200 513939
1633 -144571 1114691936 -144571
-839885 -266873 1295530848 -266873
870213 -23633056 870213 261248
824203 -266446 824203 973374784
1926855296 755142944 1926855296 1954813088
-237402 -1508022624 -237402 -680945
159361 1963791616 850336 1963791616
-25966688 -149001 -25966688 829314
1429454272 -2115446944 1429454272 958471744
-109106 -1233398240 -109106 -289705
-1599949632 -284114912 153167 -284114912
80321 775380 1325011456 775380
-2093393600 1367622272 -843451 1367622272
-521579 -778956 106777 -778956
532211 -400687 532211 -221917
-1040585760 -416400 -1040585760 -140820
793661 891144 1029617920 891144
689049 -629540 962836 -629540
-344865 380412160 -344865 459383520
-887904 -838225 662737472 -838225
53043 -2065486112 53043 572391
-636900 122537600 -39581 122537600
137395424 798431 1901143712 798431
-495469 -334787 -495469 73305
259617 -2097662944 259617 -805602
-283451 775275 1351337440 775275
229247 248345 445521 248345
-729959 411461 -729959 753829
-255311 -1363060704 -255311 1790529376
-851138 476727 -851138 1008424192
-297288832 -203205 -297288832 121819
390777280 -2046214624 390777280 2083733600
-219982 -618145440 582386 -618145440
411752 -1155738016 1570904064 -1155738016
-1011447680 550814 -1011447680 900410
-799006 694957 105837 694957
-5849056 424645 -757114 424645
788346 -1585901120 788346 976318
245541 735725344 1367707904 735725344
589445 -2054021248 589445 -591295
560710 -508227840 560710 56350624
-225609 586812 -225609 562753536
-808170976 -322117 -962219 -322117
-666649 -426566 -666649 1447909856
-398885 -600006 1079503296 -600006
-1052357824 -774907 -354272 -774907
330656 -997336 330656 -369667
-359633 -413684 1949484416 -413684
-938892 -305911 -938892 210437
-690163 209335 747412 209335
-634113 -746291968 -634113 992458
-485712800 398446 600999 398446
-116381056 944188 -899893 944188
437777 -1438165728 437777 615293
-14204 -562392 1360576160 -562392
-254595680 603232 -254595680 733349792
-510029 -69987 407337 -69987
113174 -969266 551370 -969266
855376 408139 855376 926100
497790560 -975220 497790560 576293
347405952 -630681 347405952 309242
-492344 -692059 -492344 977113
-983692896 802268 -205201 802268
1051286816 -199313 1051286816 878877
-773657216 -1502608320 90527 -1502608320
-295585 -385623168 444030 -385623168
-608757 -94899 955360832 -94899
-400159 230255 1650818880 230255
794369 687473 966932 687473
742943 -1625397728 742943 1626766048
450972 -806085 450972 -182576
-529507200 -130992160 281359 -130992160
167205 8116 167205 296572032
-568995 98790 109260 98790
-883509 933938656 39228 933938656
-42792 79185 -42792 296175904
114286 -500190 114286 -280263
-2105627360 348124544 -2105627360 534491840
-364894432 1913706528 -455308 1913706528
-741172 -1961414272 893424640 -1961414272
-793006 1245988000 -709073 1245988000
161758 -68238 161758 460733
-224856 -736381 -224856 1994113280
-293128 -936779 -293128 -910977
-1465740864 847736448 -408794 847736448
849910 -866605 849910 841775
-1819405472 487261 -677856992 487261
549610 776298 702986 776298
-280988 835994624 652564 835994624
-1965003648 -999479200 -316303424 -999479200
-739975 -52266 -396736 -52266
412605 100803 412605 1098094816
2127084864 896506 2127084864 1386329664
86744448 -798397 86744448 -249874
-1255985440 -509136 -236403 -509136
-681689792 -690168000 -681689792 894517
-3392 -530643 -3392 143874
541464 186214 585926 186214
-522705 -425559616 -522705 1263097120
-954986272 1768496096 185361 1768496096
-857592864 1256470784 1214439040 1256470784
80040864 80391776 1287984416 80391776
-695201 780986 -433904 780986
178925 -792227 178925 355393
-1652121632 -41175424 -686966 -41175424
-278372 -240600 -278372 1022884096
-457894240 1053484512 494232 1053484512
-934242 -226790 -455181 -226790
858284 54229 858284 309923
-1901576672 262890 1622681440 262890
481310 996322 1227895008 996322
-975943 -698395 -594712 -698395
-1628584096 -887146 -753212 -887146
-905576 -265343744 -905576 609894
-957048 269685 820066 269685
-678690 -406012 -678690 560827
-346025 1219183552 -295277 1219183552
-504948960 -1262860288 -504948960 -736839
-2088184096 588713632 -288632 588713632
-1964234752 -810086 577992 -810086
-1642352352 656652 667320 656652
462133 622199 891145 622199
570246 -93996 570246 323436
-868589 -624007 -868589 690464
-159678 -93358 -159678 1612900480
1803802400 -378192608 1803802400 1799289632
20092 231821 711565024 231821
48087 960960 48087 237770400
-977061472 382691 434233 382691
-1804226976 1533017408 582384 1533017408
-387810688 -537775 1959240224 -537775
255866 -958813 738447 -958813
233929 1193121056 1759779552 1193121056
-699335 -828117 -699335 876344
921692 -851392896 921692 723520
-26064 -936723808 -26064 622749
-221135 -454444 420173 -454444
192118 859508 344600 859508
-530927 -316770208 -530927 -427672
595085 -532896864 595085 1004185088
-725652 -760465 -725652 1559751488
558951 150413 558951 580062
-403674 -517712 -403674 523243
-397730 -949483040 -397730 1746143936
399031 -360537 399031 -150231
-454986 -967190 -454986 -906389
1619761856 -81039 1619761856 -5383
-942356 821274 446832384 821274
-1559086496 43516 531043488 43516
-589713 37196 920217 37196
406217 -962365 966059 -962365
-1050529600 -1025788416 844467 -1025788416
-724487 -1275629696 1407746752 -1275629696
881018 393956 881018 490767
-79235 -111748 213886 -111748
733168 359178 733168 487444
186996960 530332 186996960 978521
-646203 -1776980896 -646203 866033
-1399874560 384430 80559 384430
733704 -885129 733704 5113
-346193 -848113 1754627232 -848113
-464320864 1418929568 296095 1418929568
-398794 -918982 -398794 673093
639898 -891810 639898 -701924
-116307 747896 -116307 815455
743518 -723767 743518 -562025
-541639 -1698261344 658887 -1698261344
2018204736 -1261864736 2018204736 1333744768
367820 -561264 367820 678098
281171 44650 281171 1875885440
-1944385696 693157 -315804896 693157
-891926 225217 -324387 225217
1170794048 107693 1170794048 223909
595920 -463451 595920 100284
-508292 -1880664992 -508292 -240736
1392244288 -28067 1392244288 941965
164486 -754586 1930605760 -754586
-1528682496 -1904205824 2087746048 -1904205824
706295 -708682 706295 973865
-165959 71216832 676960 71216832
26277 72133 26277 317107
-848273 -692149 -848273 69392
-1466095072 -580242 764320 -580242
-972787 -405797 -406023 -405797
-532728896 -755 -532728896 341519
-868211584 -977983 -528926336 -977983
-644836 -1489874240 -644836 634309
-213735840 -847978 -470816 -847978
-256677 -69861 650669 -69861
-471534 191910 -471534 1929167072
578357 -861759 578357 -353277
921592 -1514709440 921592 -49797
-481244 -919561 -481244 454409
341037 988819 341037 890468224
-57576 -726506688 401558880 -726506688
-692189344 673295 780108 673295
-782375 797169600 -179064 797169600
-402635 -608508800 -402635 -530366
741767520 -1048358848 741767520 926293
83958 898902720 83958 1969697856
431775 88670 431775 941431
-540355 436822 72438 436822
-785079 802425 -447784 802425
4395 -943619 4395 1309341024
-1393780288 -1785934272 -1393780288 544591
-1620727168 238200 162315 238200
-225252800 -444984 -225252800 123574
-953298 -683902 468130304 -683902
-586594 -528 -586594 106115040
-376532 943625600 317823 943625600
-1295866496 -576479 -284200 -576479
314522 -544852 314522 754018
264526 -188294 2056694112 -188294
318317 -944931648 968436 -944931648
932599 189678 4905600 189678
280138 611350 280138 913349
144853 -151117 144853 411373
262896032 900066240 262896032 1263077056
-493588288 220600 -493588288 1265182240
97910 1810356576 97910 1908532352
-528421 500883 409425 500883
-470888512 -1590591744 -92781536 -1590591744
888848096 -470858 1452494784 -470858
879329120 -200336 879329120 826918
-1235315392 776748064 863794 776748064
-268848 -1294049952 -268848 -836804
-489422 542544 -489422 1099026592
910829280 581369 1296551552 581369
-218884864 -932749984 -218884864 -809123
-526553 -1475140672 -70931 -1475140672
-601100 227198 -601100 550476
-338424 -964346 -338424 -221164
577955 270373 577955 1886529312
-997612 691109952 613393 691109952
181569 -1472167488 181569 -970674
-265568608 -1924674368 -265568608 -595689088
-539929504 -87111 592401 -87111
1747785920 -599010 1747785920 -499563
-550429056 -820179 -352056 -820179
-268474720 -946436 437148 -946436
-690886592 1172132128 -647423 1172132128
323848 -477360 323848 635911
747440 -209476 747440 563008
197884 -781327 197884 -632119
222804 -835987 663752 -835987
572630 -931500 572630 -353195
-2015165984 567290 1454836800 567290
-1539331456 -367921 267093 -367921
1910488128 -384327 1910488128 5986784
-717108 -566822 -717108 -523771
927533888 -252253664 927533888 -948989
213453 -676995 213453 -472611
-979570 -1169689216 -951632 -1169689216
422820 -141459 909573 -141459
-1223363680 124856 -1223363680 545537
-972612480 -603000480 -911298 -603000480
-775037216 2145261696 -212856160 2145261696
326997 148166848 147466816 148166848
192457 -673686752 192457 -137914016
-526161 -925754176 -526161 132625760
-240213 -27980 945888 -27980
907911 -1338858464 907911 -475753
545334 -960697 545334 449990304
533646 1632501024 986339 1632501024
-350428 243101 -350428 789388128
827976 929335 827976 764710720
846542 -810166 846542 -497423
74046 -362702 139696 -362702
-15579712 -954075 -15579712 15163
173197 175710 173197 368758
200311 979813 752839 979813
-2097854272 -574205 -2097854272 758696
886648896 -489155 886648896 244351520
1450666560 -384857568 1450666560 190257280
-41652 -1641246016 1166366912 -1641246016
937483 -1938791744 937483 -299348
-23707008 -1054298624 1357025408 -1054298624
-672394 195868000 -672394 1056120256
-852453 1853241056 -44316 1853241056
364379 -875677 364379 1556836992
-237097 62086 242039 62086
-698688128 -539647 133611 -539647
-861921 -1847761184 -416570 -1847761184
-486094 704805 869746 704805
232215072 372241 232215072 2142518464
-79480064 -936606 984050 -936606
-161454848 -412113 162362 -412113
-129303168 -365672 -111164960 -365672
-1375407040 -113382720 -1375407040 552173
-313859 -9896 1133322080 -9896
-882889760 -225249 451532 -225249
160744 539985 160744 839036672
967133 686372 967133 897658
1621395456 -789748 1621395456 -65844
-210492 401135 114184 401135
-561038 -463676224 -561038 343453984
-363953 -289699 -363953 -82212
-1513099488 -174709312 -1513099488 460011392
-486301 58722880 -192293 58722880
143599 -380465760 633930 -380465760
-671941 -258930 126243 -258930
358037 40016 358037 467523
-720016288 326301 -720016288 768388
-514022 550946 1485265952 550946
-2116318240 -714470 -94232 -714470
-145277 -713934 -145277 -663111
791976 -907452 791976 -345569
2040630848 -346756 2123102656 -346756
208692 343491 208692 713453
315967776 695670 694340032 695670
140801 -628086 140801 147107520
402763 2043775296 409028 2043775296
-844754 -895832 -844754 730199
-146900928 751652 -386107 751652
895147 -626220640 895147 45580
515672 855289 314874912 855289
-348554208 -1450673152 800639 -1450673152
-993855 -653535584 -993855 -244926
-606423680 838914 -809825 838914
-922902 35524 -866372 35524
-57240 -848005024 91680288 -848005024
-244175 -1844873632 -244175 503175
-422051 -794183 248648 -794183
-1030008960 -401288512 -319126 -401288512
-1408992320 -391512 158202 -391512
-498023 -650057 -498023 399969
-2067156544 665382 435442 665382
791232 -357302 791232 903713
-312438 -712807 594659 -712807
1539205696 920831 1539205696 1295791040
-787187 -2052503520 -186293 -2052503520
-163874112 988540 788387488 988540
649025 -84233 910735 -84233
-939218 -221627 -939218 428200
-1189209216 -892210816 -181003 -892210816
-2002050752 846369920 -896347 846369920
942745920 -1928048768 942745920 -705111
-972844 -387679 -235177 -387679
-830322 -385503 -830322 782741
700727 1571788832 1953825920 1571788832
-287726 -158731 1224446656 -158731
383155392 -462951 383155392 867767
-360080 234448 266633 234448
-502866 -733651904 1313682528 -733651904
-750578080 -334581152 -750578080 -123635
-1430533664 -253749 -1430533664 -106840
-1930061728 -30407296 211534 -30407296
-342544 496786 -342544 692479
-157169 -179897 -157169 26300
835682 885866528 872251 885866528
-555462208 2085353728 -710533 2085353728
441073 -996059 441073 485441
139801 385541 615523168 385541
14326 1764408192 511437856 1764408192
-909413 -60428 1905596000 -60428
-1915994656 -381570 -1230693632 -381570
286994 -174315 1296235968 -174315
-1613654112 138508 604896 138508
283384 -919451 283384 -537535
255593 -568925 617333 -568925
-968680 -546724 -968680 215569
-739133 602744 -739133 768311
304209184 -767720 304209184 1300599328
-396546 -320702 -396546 851776
-183384 213075 -183384 520672
234119 -759397 234119 662521
-1433542176 -96070 352625 -96070
-887454624 -887934 -703283 -887934
715611 296500 3273792 296500
-303138 -938719 -303138 -719711
-458048736 16265 -168696 16265
-236818 -205719 128848 -205719
-1414868320 1154606528 740148 1154606528
-774033 -817218 -774033 -135178
-1599744832 -137187040 116840 -137187040
687794240 -1416134240 687794240 711140
-1137097696 -747301 -1137097696 -521801
-535998 1080361120 696094 1080361120
-596249888 290789 -596249888 864255
-264631 -954445 -264631 1149667392
-375359 -226549 -375359 975243424
-466898 742892416 4892 742892416
-1945013568 -644410944 138483 -644410944
-253955 -1430157600 345414 -1430157600
-623670528 -550771 -623670528 509742
-919384 -1519940800 -919384 -285295
-719766 -162 -81148 -162
-10994 -312373312 -10994 -230016
-2113900768 -899353 -2113900768 739570
312170304 -1938121952 312170304 531694
-480540 -1994022560 290401 -1994022560
879047 -68501 879047 1779208832
206986 -877304 206986 459206
-656840 -1767188256 -656840 -574181
-283046 -1014523264 463902 -1014523264
1551964928 -1816482592 1551964928 848190
2137438304 -510245 2137438304 446157504
-338256 -1179179744 -338256 -819669
714583 -352439 714583 1333330080
-701051 -315434 -671554 -315434
-1209437632 1607063104 1736974080 1607063104
1160487616 -854366 1160487616 -597236
497949 -243176 497949 380205568
1577471712 -815752 1577471712 617790
-390735 -3977120 -390735 -442210
552096 -837118 552096 -441924
925730 -364686 1430872896 -364686
-36441 655031456 34162 655031456
-893082 -565045 -252385 -565045
223523 -732357536 810438 -732357536
331987 1044876960 979724 1044876960
-552970784 -1574243136 -552970784 -500532
-163478 -780830880 1445683712 -780830880
-1435195840 -702855 -205008 -702855
-624798720 603237312 64034 603237312
252717 -1912731040 2046573920 -1912731040
981298 -542991 981298 1575146464
-355306 -782337 651845088 -782337
302616 580252192 551677 580252192
-620430272 -698762 -622766 -698762
471648 -200360 1630397344 -200360
-927820 -1492860896 -216180 -1492860896
-869157 -1298275584 4314 -1298275584
826540 800994016 826540 829020672
-555697 -255215 65102496 -255215
98312 -931402 142147 -931402
436015 86660608 436015 1763006336
1129976128 -1809564032 1129976128 -622651
-121912 -91494 -121912 516950
643177 -205972928 643177 618265
-418297 928712384 -194520 928712384
-277915 1728484192 1732034944 1728484192
442416 -318857 442416 456532800
500819136 -776489376 500819136 -142786
-935792032 162954 72990 162954
-558067 -510372 -558067 -293533
1068876192 -299034 1068876192 493242464
73422 298668 73422 507939
154098240 -2048178784 154098240 -1781537376
-190510 1657891936 31046 1657891936
-386455 131308 224761 131308
2126084224 -646692 2126084224 302854336
-1644348544 -127670 7086 -127670
2050201920 -523038 2050201920 206863
-1914666752 -581204 62839 -581204
-205611 -415261 352084 -415261
303181 313985 442166912 313985
313492 -1075735776 313492 963805
-937259 1292052256 -875336 1292052256
-957588 1185408448 -957588 2078900160
-461808 -564039 287701 -564039
-711662 5782 -711662 237338
1364895808 -1652133312 1364895808 -708247
-843213 -679386 709414 -679386
584120 32495 584120 187289
-432221280 200771 -432221280 833215
686660 255377 699013 255377
723591 -162191 723591 402314
1599743328 974218 1599743328 1075062688
-445577 -203554 -445577 806552
963936352 -1353727968 963936352 -929764
-346344832 -163310 -346344832 100597
-561129 372100 483361 372100
-399968 -555218784 -399968 -679413
1349990976 -391992 1349990976 835329
-36387 554503 -36387 382478720
679846 648624 151653824 648624
-1462599712 64401 1401734816 64401
702385 -1398143648 696314368 -1398143648
-692848 -425186848 -70417 -425186848
-868528960 -847498 -413300 -847498
-724097 -1584792992 -724097 -491069920
-1067083008 -568625 -1067083008 543436
840044 785346 1019405504 785346
-1893457760 419583008 -654222 419583008
-244452128 -103610 1036929312 -103610
775915392 -177440 775915392 583325
311334 1589183296 311334 1815001984
210434 -811723 210434 -368856
-958315456 1625599232 465417 1625599232
-1993317440 739173 178985 739173
-686687 1278869952 519368 1278869952
-951998 501897024 -719281 501897024
-253425568 -909846 -253425568 833868
-370612 -139858 -370612 963992
-675558688 -606744352 201051 -606744352
957242 -1257241184 957242 361183
-250064 1514558528 774783 1514558528
210922240 340876 210922240 647414
-201675 -593833 669463 -593833
-629589 -618435872 -629589 496499
1297038400 -268903 1297038400 212520
-934612 -270508 -934612 -126604
-910935 -342894 -46506 -342894
671893 212854 749025 212854
-2078997472 -723973 -2989952 -723973
314429984 -637201 828503584 -637201
-57610 914615 -57610 1401530016
-782741440 -750004 614275 -750004
1704797248 -572644 1704797248 1414814720
-141174336 -197700 -141174336 909514
-747028 744613152 415187 744613152
1293684064 -1134393088 1293684064 966646
-837458464 558400352 879236 558400352
-495148 162062 942330 162062
-40038 -7364 709733 -7364
-250924 -684776 198892 -684776
-1545215840 -616443 -1230995744 -616443
-951960992 -1169705984 801299 -1169705984
237597 -605991 237597 284986
119203 -1689135200 119203 970988
431607 -149974 896968 -149974
77481 587221 77481 935492
206758 257929 206758 1228425568
-811089 -1304049184 -741411 -1304049184
317208 559126 1409593536 559126
561864 -301844 561864 565870
-1627267872 -249446 1198864416 -249446
-217466 898753 967122 898753
-2075933568 -928822 -2075933568 -177513
-861526 -2121638528 -407516 -2121638528
-119663232 -174376 715942 -174376
26587968 836018 26587968 1691072704
-143194 -455024 404811 -455024
777512 -248133 777512 978762
-1891621152 -1408403072 -1891621152 97638
436390 -1203187360 436390 491822
-1368192960 -98504 614130 -98504
-946028 85180 641676 85180
719005 -525576 1066619808 -525576
720536 695001 720536 915545
-30661 911941 -30661 1139416352
-1272040320 880781 -1272040320 422699008
-203686304 -1996984064 -464251 -1996984064
765769 -653613 765769 -435695
236602 -636421 236602 191991
32173 1054377664 1266511936 1054377664
-734020 -137410400 -727056 -137410400
-88346016 172717 -603682 172717
-1344939264 -580884 -1344939264 125394912
-1745685536 1856736416 231120416 1856736416
1194005824 -905036 1194005824 1534363872
-433083 -756266 261932 -756266
-106464160 242214304 -106464160 291807456
524680640 -124303552 524680640 31415
-942923776 -2064784288 -725622 -2064784288
1960685792 -1296344960 1960685792 1206474624
-345839424 -127212 -345839424 261350
-285226336 558087 2066350816 558087
-163709 -387990336 110463 -387990336
-1788246048 60259 199885536 60259
-1515278624 -389544896 -1515278624 1543030112
838619 -1073902464 838619 934408
-77741 1349952352 402975 1349952352
-1554681216 221181 -1554681216 1414828192
722168 -806923616 722168 430573
21138 -1673229728 21138 869945
-533429 935658 -99507 935658
-556082 79051 -556082 886787
151982 711124 1396145952 711124
16993 -172756832 16993 608680
-196297664 -1497002688 -252813 -1497002688
-290893 -1578238816 -290893 -136467
124551 619517 124551 924263
-542277 -1932766336 -542277 227113
-712855 -257336 63717408 -257336
2103137728 -310299872 2103137728 779436
775645 825622 775645 623081280
577625 325579 1422604576 325579
-1664115264 193478 -375947 193478
-924797 379943 -924797 501037408
-678146 166855 995831136 166855
889119 -942588 889119 386726208
-87861 -929850 -87861 -135362
-578092 -337962 -578092 1848041728
-2010542432 401197 2037353760 401197
547721 954902 547721 1108282080
-764045 -248614 324496 -248614
975818 827916 975818 945502624
-1356771808 346434 -135195936 346434
723079 251616 723079 529492224
285834144 -1682708576 285834144 -98552
-935283328 601296 1986054848 601296
-1565969728 -1117767520 -1565969728 -853144
-1016937440 1229019904 708643 1229019904
-646497 -781877 670394688 -781877
367078 -675494912 367078 -246985
824150 -997466 824150 479546
-906271 910110 -625278 910110
75474 -595530 75474 -306667
10651 685220 896202 685220
-736678 -1947748416 -736678 -633850
-178610976 -647835 1539603616 -647835
1351209888 -390460 1351209888 330816
-722994 533582 1926764576 533582
-693796 -2060870944 -693796 -493988
-79414496 -1664773376 -79414496 28932
-760469824 813941 273147072 813941
-862332 -966009 -117001 -966009
-2048573408 -543375 -985700 -543375
831354304 -1816183776 1089052512 -1816183776
-1580481728 146896 -1580481728 330325
-1397930464 -116334 -350976 -116334
479923 -352472 479923 -350334
-972780448 1549332480 1610467744 1549332480
1447334080 123164 1447334080 285955
895184 -398501568 895184 -878058
-971553152 632405632 389028 632405632
-855929 914244096 -855929 1265276256
-921380 -1474004096 555015 -1474004096
860531008 781027 860531008 792666
-1725238848 -11956 -1725238848 387287
-975291 612659 1436428224 612659
160724 293003 160724 1867471008
840316 277290 840316 1917265664
842456 -196324 842456 2098497408
-921434528 690719 1278767552 690719
-68489 194488000 614742 194488000
-1005397120 609097 -977978 609097
-500405 -773447 -500405 873704
50144 87206 664466 87206
-467392 -251398 2128066944 -251398
-171960 87777 1973265376 87777
824433 -331901696 824433 -27291
-91816224 -1539806624 2100112448 -1539806624
-745081440 -220472 402396 -220472
205247 -239475 815369 -239475
-473110 -501775 925988 -501775
128819 -1638613568 364413 -1638613568
-2019143104 970609 -473690 970609
-1620414880 -1092490688 -1551553536 -1092490688
61811 1698605664 2066983776 1698605664
-93508512 -694309792 -66762752 -694309792
918561 -2122608928 918561 -941887
-702692 -1917559392 -702692 -454025
1055094464 -239380 1055094464 1917193504
-722764 949130 570517 949130
-589091 -800661 -10128 -800661
-546046 870986 1900574528 870986
-985412 555999 508130528 555999
-687095 -419356 282949 -419356
-1676639456 -985889 -1676639456 950369600
-120592 1695879200 348042208 1695879200
568596 -26868 568596 572534496
-90761 -1253687136 -90761 -734923
-935952 626705 -74525 626705
-445965 776766 224369824 776766
-1734254208 221858 -1734254208 2140374656
733208 -650159392 733208 -580456
-52121 324536 -52121 738252096
-593330304 -173023 -153248 -173023
-1865867648 138338 -1865867648 826637
-788339 1325263264 -502581 1325263264
-1392699104 -1327282816 -1392699104 -139808
-495766 111708 366410 111708
-1117109408 -853986720 223621 -853986720
473993 -1238956864 929074 -1238956864
-1847321344 -212896 -1847321344 309709
-2117152704 -483471 419135 -483471
-536229 -924712 119214 -924712
20022 -1995850784 20022 48888
-119303936 -781334 -119303936 563533
-200390 -584934 1579150528 -584934
469582464 -686034 1696028608 -686034
-1539630272 -261309440 -1539630272 -484019
872088 -782249 872088 114797
72704 36223 72704 1663835008
-285936 -585987 1417472320 -585987
890139168 584980 1602196128 584980
741426784 -194405664 741426784 -934844
-32786144 -1279269376 -436119 -1279269376
-1095828256 972643 382836 972643
-1376081920 -437325 -445710784 -437325
-1048101952 -476734 301074 -476734
-54425 -285137 118263168 -285137
1693179680 -790093 1693179680 -499662
-723083488 -1865182592 -723083488 -454233
626756288 -759738 626756288 35932
321306 270033 771649344 270033
-1055861568 -737821 -1055861568 -460639
-1340789088 -252440 -1340789088 -99966
784003 -1836083136 784003 881479
-1673003072 -566755 -1673003072 -141426
656081 -838119 710416768 -838119
-2012602400 867508256 -378256384 867508256
1667706432 -1809804160 1667706432 206656
-216906 -751642 642357 -751642
-923640 -612347 -923640 305055
-629620 328356032 239830 328356032
-174302 -100392 930016 -100392
-938856 -317725 -853351 -317725
-1761773952 -897170 374974 -897170
-990426 780050 38139 780050
-163160608 315917472 -163160608 1808437632
-408120 479133 168522 479133
684128 -686454368 684128 112316
-388948 -821466 -388948 -328815
-1909620128 -1196158016 1927803840 -1196158016
-81405 -292344 -79767 -292344
-927461 -1769896160 478780 -1769896160
-439123 -499634 -439123 211680
812551 -867398 812551 546263904
457950 -164135 457950 680727
-913044 -448626 439729 -448626
-583797 73203 1859817088 73203
-843234 -1948470304 71921952 -1948470304
501615 -941286880 501615 -940274560
7435648 352197 1147936480 352197
1452615744 -169419264 1452615744 -643569
13999 -596384 13999 300956
-717417 -2127904064 -673240 -2127904064
-2127207328 723305 -1010463808 723305
2053057728 -1152669024 2053057728 -201119
-1647852288 746938 221720608 746938
279742 -210463840 792174 -210463840
-268953 353897 -268953 695852
-912139 -710676 -538753 -710676
-288390 -848590 748850 -848590
-3338 876420 1169640704 876420
-1224753856 365224 513583 365224
1021764288 265620 1021764288 989458
-696971 -1869875008 -696971 -801720
-823308 -773876 -823308 683981
-639023 -667512 -639023 -78563
-744213 -448099 767996 -448099
-371943840 364667 358149 364667
1842456160 -645608000 1842456160 822653
-505389 -2066644544 466010 -2066644544
-1350622144 1222153440 1824205376 1222153440
-180226016 -446103 593982 -446103
208181 -1520081824 208181 666071
-233495968 -768259 -233495968 -608186
-1035337632 -175939904 -1035337632 -787815
331729 731827 331729 753909
-744745 -603907104 958221 -603907104
120022 1950255104 974522 1950255104
-309592 -752561 -309592 -504111
748934 -1486088448 1935820352 -1486088448
341300000 -823403 341300000 -697269
673303 1912940928 13687712 1912940928
-427443232 802381 -680920 802381
383111 -363673 383111 2010765792
747000 88499 747000 605911
954111680 -504809 954111680 -56393
502729696 -1457304576 502729696 551386
724513 502290 853200 502290
840911 -431065 1704929888 -431065
-1898727744 793019 -1898727744 316404320
815156 548995 815156 702181
732547 -951968 732547 177301
-1497959616 -1448797920 207440 -1448797920
843091 910986 1258132832 910986
610852 272896 610852 278727
-498017 586021 -498017 356827616
-2076442272 1491692576 862562 1491692576
-604555 267605216 938916 267605216
-1630994976 -77988 453089536 -77988
-869066112 827578 -869066112 1839986592
-531924 221582880 -531924 229715264
-1811098528 527402 -468140 527402
-563367936 823834 1077119360 823834
1683457408 -975518 1683457408 57527
357105 -951797 741978 -951797
92100064 -607487 92100064 -221123
-1839271296 -656165 -1839271296 -14266
-313078 448579 -313078 779894
-796807 156435168 -796807 281791456
-244742560 21672 -244742560 702705
678295328 -890218 678295328 988365
1725086144 -691748 1725086144 501426944
-377180 -1038492256 -377180 559231
-556245 386649 264109856 386649
124216416 3757 545649504 3757
9004 -979419 9004 623565
-299374 552029 -86702 552029
-931680 -47533184 -685480 -47533184
113221 -1699831168 113221 -1244636448
-1168881696 593327 -1168881696 183714784
4994 290996640 139453600 290996640
-934190 -629077 -934190 1374604608
-882109 -336730048 -882109 1942772448
771239744 -1615517664 1808313376 -1615517664
723571 367663 723571 2064962432
-891923680 -314278784 -891923680 490958
-366148 17070 378222 17070
1360315968 -891453600 1360315968 292536
-658007936 474585 -658007936 445982944
-596869376 -1325410880 -596869376 -481228
-183354 577871 -183354 603623
-697272 1701724960 440021 1701724960
-748776 250834 -265927 250834
732741 -1164750080 994523 -1164750080
-1534912704 -575662 945664 -575662
-257881 78656 207974 78656
-1783570400 -321979 -1783570400 -198128
-144467 -724468576 -144467 -240318
710356 515126336 710356 1524002048
447510 2086293888 778465 2086293888
662533 -184463 1209384032 -184463
-895204 -1361010912 -895204 847299
46477 49941 482791 49941
650563 -512879 650563 -280953
558019 -819219 558019 292256
22798880 -820432 22798880 -243442
-268472 -40719 451476 -40719
-938703 -274191 307096 -274191
-1371159552 -353703232 -1371159552 -207902
-789107 -1692660800 -789107 -303341
186139 -358637280 683942 -358637280
-44697 -861784960 -44697 -849532
-1252832608 68801 -59357344 68801
-87812160 985081 -780430 985081
545656 612753 545656 714162
-924596 -723876 -924596 757358
282061 -751870 1917215360 -751870
-528530 -788736608 -528530 1182848160
-1034162432 -306130 264517 -306130
1911727104 -1977737728 1911727104 846182
-751263 -488056 -751263 683831
221373 465514 1060030304 465514
-1370889184 290420 2003069952 290420
-49009 -920669 -49009 133985
-405519232 554717 -784960 554717
-663216 565226 115345376 565226
396025408 -174884 396025408 1146052864
-358482 -998110880 -358482 652586
-454995 -1794484640 -454995 794139
522412 -1462188320 635656 -1462188320
-401711584 1924535136 -850323 1924535136
-1756487200 -1234894112 126061 -1234894112
-692596 -194589 -32963 -194589
-1554429408 51402 -1554429408 700743
-527902 -500963456 280237 -500963456
972436 -61195 972436 1480048064
344692 -1884146880 344692 -8345
-472199 -390503 807402 -390503
156349536 -441653 173613152 -441653
-297588 -1131450144 -297588 534547
253912 -1245734400 713561 -1245734400
497653 718741 1206491392 718741
87293 -424838 87293 234569
657407 308771 657407 463206
796830 423461 796830 1445128000
-729329 715483456 -729329 1016197280
587137216 809688 587137216 940144
-94312 736170 -94312 837136
971336 277678 971336 150688512
8766 -63350 8766 1023978752
-418856 -331315744 -418856 523097
-316153 -1229530112 457775 -1229530112
-527083 2108112192 528699 2108112192
-1119 -799625 217909 -799625
-2115087648 2117663200 -1778443232 2117663200
-222329920 -741227 -222329920 766667
-980091 854398 327503 854398
201379 -1912952608 201379 750999
-416517312 336204 -320746 336204
397974 -128965 1023498496 -128965
-952353824 -951534624 -952353824 -766194
-1268526400 -1052888384 -1268526400 686225
-2103782368 147209920 -533849 147209920
-337117792 898927 326102 898927
-956741 -834043 -956741 16879168
-66527712 -906792 -66527712 94368128
-757381 -30216 873679776 -30216
-839900 -1316689248 -287532 -1316689248
967029 287053 967029 1632108192
-425811 -1620534048 362288928 -1620534048
237367 -332100 991144 -332100
862075 -586344 862075 620282
-981577536 -680208 -61693 -680208
-431627 -386106 121559 -386106
-43975 -782115 -43975 2131938368
993773 -1743805216 993773 843376
-829627 330034 309252 330034
517474 382063 517474 769044
-852116 378473 174947 378473
-358291456 423259 163001 423259
1966 41879 1966 301509
-467679 141278 -429569 141278
411204 730067 1989605600 730067
-582850 -790679 536077 -790679
-648128 20513 -648128 654464
972655 -1366373120 972655 -630327104
-668617 -1228061184 -668617 -87298368
-1720862016 -592452 -96275 -592452
-498702 -1268863840 1668095968 -1268863840
-372339 -2070695616 -372339 -680626
-322148 -874039 774222 -874039
-919484 -77376 -919484 1808313376
-837217 -760969 -837217 588117
375554 -169552 791118 -169552
419362 410894 915737 410894
920409 -919892 1603037184 -919892
1616672800 408345 1616672800 768574
-236616 -377482 990976 -377482
-296827 -557337440 -296827 565261728
-567806 529158 31450 529158
345255 -1050413728 461302 -1050413728
-101734 401435 -101734 357698912
797406 94697184 797406 1544349632
198300 -473477 198300 -161217
1731537920 -808199 1731537920 978186
-1545796704 -788147 -1545796704 -619876
-666031 462929184 -666031 1234152160
232087520 -690300640 232087520 197160
-621638 781230 827342 781230
1929346720 -170213 1929346720 849674
974530 -1731207072 974530 614314
-624279 170770 465621 170770
-900533 171744 138789 171744
146032 -428116 146032 -95315
491790 1547836608 1668701984 1547836608
179314 152814 179314 424690
-921306 -417060 -921306 897193664
717620672 -467564416 717620672 -801471
374234 1083075904 669313 1083075904
-1634695136 798331 425695 798331
-962870 820547 -491128 820547
-738905 2089048800 733562976 2089048800
266390 -868609 266390 -502333
-1899316992 913851 -313292 913851
-178822 593797 752357 593797
523517 996838 1341219040 996838
-829917 -817389 854875 -817389
-510578 -640892 -510578 901258
-718892 -27211 1440885600 -27211
-850769 442385184 137565 442385184
900324 -46390 1316345216 -46390
-1578670272 -11331 -403036 -11331
-197619 -891638336 -92757 -891638336
312547 574694 312547 664246
-357356384 1147924800 717399104 1147924800
793565 -375819 793565 1546970400
240505248 -918046 240505248 -678427
890248 1590385440 1598974432 1590385440
477710 -421146 803099 -421146
785036 -138242 640841920 -138242
128068 712201 128068 1787034016
-1323505408 -834509 -1323505408 191736
396196672 -882203200 396196672 991521
-123206 367475 -123206 1219720704
-591152 583089440 954346 583089440
76560 -670025216 76560 -587270
-339310400 -1614701760 -339310400 -659372
-632278 -1000154080 -632278 819239
-359859488 61944 -359859488 195201504
74689 1318344704 1679411424 1318344704
-398348864 209620 1082224672 209620
-526702 -529954 -526702 365303
-1009686528 -1283624352 -156613 -1283624352
-655556 241524 2047959008 241524
-129828640 2060876032 1366969248 2060876032
909056 -682284128 909056 -901427
-724579360 -174955 -724579360 421664
-14916 115985 63981 115985
-895111840 -725729 743483 -725729
-217597 -1011785120 -217597 11395
1122213216 -520730 1122213216 -188627
99276 -795183 187730 -795183
464856 -774724 464856 -576676
-137166976 -292903 -137166976 288121
-276855616 -824724 -200493 -824724
67942 -242114 67942 154813
-369521280 695025088 -860703 695025088
-249908352 798062752 -787440 798062752
-24949 -607847 358032 -607847
193121 637161824 969757 637161824
-14472 672847488 -14472 1657707200
-519716 867408 373254 867408
-2093846912 724730560 -623430 724730560
654024224 -520093 654024224 452731
693839 89816 693839 1580748800
-360492 -1441271552 -360492 422972
-409283168 120673 -409283168 1439047200
-704640 294105 -704640 305187968
-638946336 289030 -659107 289030
1174302880 -92852 1431514240 -92852
679274112 811185 679274112 1399837728
566928 340657 566928 747988
-206599 -888800 1445312736 -888800
-463212 461661 56962 461661
-826536 -1383905312 842210 -1383905312
-2133351904 -24420512 -1559034400 -24420512
71883 370487 242840 370487
506584 496449 809856672 496449
191262 581617 260389 581617
-544856960 -671075 -345891520 -671075
-266537 -49993 -266537 -38033
938780 -437882304 938780 667547
-639724 2052117568 45553 2052117568
399775 182536288 1891062144 182536288
-683220 -770480 345058 -770480
-355097 1742568032 666314 1742568032
179423 -259228 179423 279319
-266032 -447317440 -266032 -815015
-404597 1650892832 -274115 1650892832
982154 -90890 982154 28738
-415612480 246907 -427888 246907
333902976 -117138 333902976 175322
-11816 -238128 629685 -238128
571958 -596999 571958 762573504
-341121856 467214 -930345 467214
-727646 -1570650464 -484675 -1570650464
-439292 -190575 51939 -190575
-79881280 -547930 -79881280 -59215
-856395 696304 1961540320 696304
696540 -20854 696540 766547
837866560 484102848 1188091200 484102848
38226 -939418 38226 1936478464
738153 -1377371200 738153 -1014315168
-508991 1372588352 -489465 1372588352
-364255 -1533366528 -267117 -1533366528
-558739296 -1355438816 1177862016 -1355438816
2092925312 34750 2092925312 154989
-515686 32965 89438 32965
-1320773856 -1149571584 -783999 -1149571584
-1950214688 -425725792 -537199 -425725792
-1894364384 149558 -963408 149558
-23179 -1225578144 -23179 -71552
-838323 -998418080 -838323 369013
-552630 1334814272 837537504 1334814272
-549547584 -796325 -549547584 -759179
188571 820158 283429 820158
615690 -67176 615690 913188064
-359085 342713 8550 342713
-1317668032 -874116 -1317668032 972113
-216710816 -1056751424 861164 -1056751424
295393 -523829 295393 -356580
-815083 -287842 -815083 882936
-189688096 -210070 -491166 -210070
620972 -258201 1705635008 -258201
-938847552 658142 353285 658142
-1390088512 351661 86716 351661
-458569120 -438227 113486 -438227
-293181 958120832 1402666592 958120832
-936915 -981035 -936915 853493280
-118509888 -477469 -118509888 191654
-28958 -667937 -28958 955674
-488053 -1400997664 4682 -1400997664
891314368 154330 891314368 380946016
-247784 -1244451712 559212 -1244451712
-657644 -852157 -657644 -687488
615586 55542 615586 1481867904
-450121152 543930 70987 543930
-468672 -530602 -468672 667777
-1577627712 -177595 -38742688 -177595
894413 -586764 894413 815911
-696847 -601872288 -696847 859004
-87096 -790192 -87096 -743310
-1515535520 -978779 17964 -978779
425752736 -745854 425752736 -712881
-414559744 565358 550063168 565358
-494339 -23458 -494339 1676035232
-2117078752 -1170438048 -393410 -1170438048
444307424 -44483 1188458880 -44483
-1457915680 -1351998848 -1457915680 171668
-17698 -696881 -17698 -582704
-997756 -410223 -418795 -410223
-1881784800 -516755 -1881784800 393765
-352461 -730686 -352461 -113026
-514756 539024 -514756 818585
-965518 39330 576411008 39330
-370333 578690 -370333 950792672
-750435 -693849 -61207 -693849
-1680438720 -1289802464 -118848 -1289802464
952649 -42887 1288540128 -42887
-351757 -397578 -351757 -133276
-556026304 -460191 703622 -460191
-116953 -388532576 495100 -388532576
202359 -1227591104 202359 -213060960
313303 1689054656 1721753664 1689054656
-193001 -658822 -193001 810017
-457061568 -687733 142611520 -687733
37320 732270 37320 9247104
-112824 -2074454464 -112824 -394853504
763905 -122472 763905 902104
-616072000 59913 -616072000 943549
499970 -651560 499970 170908
488019 -1522329824 488019 -914871
-1591520224 460429 417341 460429
-898089 -407009 513307 -407009
862791 -1311206080 862791 326816
-269142 371306080 514988 371306080
-619994 1407973408 -300387 1407973408
316296 -68311 316296 15844992
-152689 -473878 389023 -473878
-47414016 36163 -47414016 56054
-903307 795789600 -903307 1928885024
-113955200 -598765 -113955200 1845639232
-634446 -655922816 13418 -655922816
44138 444682 44138 744228
24437 -443648 24437 337331
-654667072 355547 -952239 355547
931491 283335 807022720 283335
767603 -512325920 767603 -997483
469103 -1758281888 469103 539682784
868973 -1763269824 868973 30855
-30400 -2099388768 858601 -2099388768
420024 532683680 136334304 532683680
-455133 -1368820832 -455133 1334569056
-643315 -680238 -643315 496297
90548800 -335850 90548800 1876320192
757045 -848193 976050 -848193
744670336 -705636928 744670336 467718
-685031 -462807 488912 -462807
-207002016 443237 -881118 443237
254185 -2095193376 254185 315186
-1178410848 -1647937920 -293370400 -1647937920
444666 -375000 444666 287550
427671680 -747422 427671680 -116278
1683200512 124946 1683200512 575936
-628916864 429043 -628916864 763817568
-1405643072 861500 2040323648 861500
-493131 -204574 716106 -204574
-1091978688 819079 -1091978688 958372
962023 -362427 962023 946056
-317747 -764985 -317747 -543117
-641936 -1916456352 109491 -1916456352
-715796 -50592000 -88234 -50592000
-39555 914862 570577 914862
-534210 67123 -534210 1223677760
-130222 -752536 -130222 -331702
935727 -577499 935727 89441
-172452 745882368 -172452 762244448
-428819936 2058035488 2041502144 2058035488
-792252 251872 -792252 837272
-612259 374842 -612259 733589
-1507408224 -43425 793369 -43425
-2093697504 -92817 -709467 -92817
619027 -1889348000 619027 -70877600
942706 -589013 992687 -589013
-497971 -679042 -497971 851024
-187705376 -590920 -281692 -590920
-2077382432 965940 549362 965940
-377401 -853873 -377401 1471813280
556005 -76857 556005 188927
-1688883392 -40659 744477216 -40659
-485596928 1172541728 1985447040 1172541728
-658433 -729229 -658433 1424429504
60847 81841 60847 510438
-1230393024 -701225 -1230393024 211842
-1961768480 -266594400 -1961768480 -845664
-715499 288901 189325504 288901
-501893 -766117 107834 -766117
18679 459824 2131357504 459824
-897041 4277 -897041 1349003808
-8327 2064436960 75569 2064436960
-2023108544 -205684 -2023108544 846302
-1084308000 569320 1347576800 569320
-1377475392 -432771 -1377475392 -389624
-655010 479714 -655010 597889
316780 -1569371072 316780 -1210629600
446956640 -685815 446956640 470919
-1535349248 -258193440 -884305 -258193440
462617 453729088 499453 453729088
590547 1035413376 609539680 1035413376
-1779541184 -26001 1594315552 -26001
420641 -1959537248 420641 -489846
323770 224129 323770 233711
-811545 -1918942688 -811545 900256
584860 1094356032 1532308992 1094356032
-2132762656 93968 -2132762656 663228
-414266016 -2140790848 1834550432 -2140790848
970815 -80829 1522096576 -80829
470044160 -771530 470044160 987640064
150492 -185392 1228079744 -185392
-694554 -1551808640 1436107552 -1551808640
-74269 1219327872 1219922208 1219327872
-605747 -460607 -605747 -380347
1540043456 410309 1540043456 843980896
-912322 -762225888 -313418 -762225888
2022554624 -397906 2022554624 528115520
797282 1553626976 995622 1553626976
78720 286301 78720 1924845632
-442072 -974665 -442072 -960636
-700263 385041 -700263 471377
-538429 2127751360 -288422 2127751360
-322361 -890462 -322361 1018534208
-65791 -880527680 -65791 -192089
-694377 -816484 -694377 876256832
150205 -974609 150205 -288286
-273288 -178003 1410008224 -178003
-239955 -921925 -239955 884250
