011700101
011700102
011700103
011700104
011700105
011700106
011700107
011700108
011700109
011700110
011700111
011700112
011700113
011700114
011700115
011700116
011700117
011700118
011700119
011700120
011700121
011700122
011700124
011700125
011700126
011700127
011700128
011700129
011700130
011700131
011700132
011700133
011700134
011700135
011700136
011700137
011700139
011700140
011700141
011700142
011700143
011700144
011700145
011700146
011700147
011700148
011700149
011700150
011700151
011700152
011700153
011700154
011700155
011700201
011700202
011700203
011700204
011700205
011700206
011700207
011700208
011700209
011700211
011700212
011700213
011700214
011700215
011700216
011700217
011700218
011700219
011700220
011700221
011700222
011700223
011700224
011700225
011700226
011700227
011700228
011700229
011700230
011700231
011700232
011700233
011700234
011700235
011700236
011700237
011700238
011700239
011700240
011700241
011700242
011700243
011700244
011700246
011700247
011700248
011700249
011700250
011700251
011700252
011700253
011700254
011700255
011700301
011700302
011700303
011700304
011700305
011700306
011700307
011700308
011700309
011700310
011700311
011700312
011700313
011700314
011700315
011700316
011700317
011700318
011700319
011700320
011700321
011700322
011700323
011700324
011700325
011700326
011700327
011700328
011700329
011700330
011700331
011700332
011700333
011700334
011700335
011700336
011700337
011700338
011700339
011700340
011700341
011700342
011700343
011700344
011700345
011700346
011700347
011700348
011700349
011700350
011700351
011700352
011700353
011700354
011700355
011700356
011700401
011700402
011700403
011700404
011700405
011700406
011700407
011700408
011700409
011700410
011700411
011700412
011700413
011700414
011700415
011700416
011700417
011700418
011700419
011700420
011700421
011700422
011700423
011700424
011700425
011700426
011700427
011700428
011700429
011700430
011700431
011700432
011700433
011700434
011700435
011700436
011700437
011700438
011700439
011700440
011700441
011700442
011700443
011700444
011700445
011700446
011700447
011700448
011700449
011700450
011700451
011700452
011700453
011700454
011700455
011700501
011700502
011700503
011700504
011700505
011700506
011700507
011700508
011700509
011700510
011700511
011700512
011700513
011700514
011700515
011700516
011700517
011700518
011700519
011700520
011700521
011700522
011700523
011700524
011700525
011700526
011700527
011700528
011700529
011700530
011700531
011700532
011700533
011700535
011700536
011700537
011700538
011700539
011700540
011700541
011700542
011700543
011700544
011700545
011700546
011700547
011700548
011700549
011700550
011700551
011700552
011700553
011700554
011700555
011700556
011700557
011700601
011700602
011700603
011700604
011700605
011700606
011700607
011700609
011700610
011700611
011700612
011700613
011700614
011700615
011700616
011700617
011700618
011700619
011700620
011700622
011700623
011700624
011700625
011700626
011700627
011700628
011700629
011700630
011700631
011700632
011700633
011700634
011700635
011700636
011700637
011700638
011700639
011700640
011700641
011700642
011700643
011700644
011700645
011700646
011700647
011700648
011700649
011700650
011700651
011700652
011700653
011700654
011700655
011700701
011700702
011700703
011700704
011700705
011700706
011700707
011700708
011700709
011700710
011700711
011700712
011700713
011700714
011700715
011700716
011700717
011700718
011700719
011700720
011700721
011700722
011700723
011700724
011700725
011700726
011700727
011700728
011700729
011700730
011700731
011700732
011700733
011700734
011700735
011700736
011700737
011700738
011700739
011700740
011700741
011700742
011700743
011700744
011700745
011700746
011700747
011700748
011700749
011700750
011700751
011700752
011700753
011700754
011700755
011700801
011700802
011700803
011700804
011700805
011700806
011700807
011700808
011700809
011700810
011700811
011700812
011700813
011700814
011700815
011700816
011700817
011700818
011700819
011700820
011700821
011700822
011700823
011700824
011700825
011700826
011700827
011700828
011700829
011700830
011700831
011700832
011700833
011700834
011700835
011700836
011700837
011700838
011700839
011700840
011700841
011700842
011700843
011700844
011700845
011700847
011700848
011700849
011700850
011700851
011700852
011700853
011700854
011700855
011700856
011700857
011700858
011700859
011700860
011700861
011700862
011700863
011700864
011700901
011700902
011700903
011700904
011700905
011700906
011700907
011700908
011700909
011700910
011700911
011700912
011700913
011700914
011700915
011700916
011700917
011700918
011700919
011700920
011700921
011700922
011700923
011700924
011700925
011700926
011700927
011700928
011700929
011700930
011700931
011700932
011700933
011700934
011700935
011700936
011700937
011700938
011700939
011700940
011700941
011700942
011700943
011700944
011700945
011700946
011700947
011700948
011700949
011700950
011700951
011700952
011700953
011700954
011700955
011701001
011701002
011701003
011701004
011701005
011701007
011701008
011701009
011701010
011701011
011701012
011701013
011701014
011701015
011701016
011701017
011701018
011701019
011701020
011701021
011701022
011701023
011701024
011701025
011701026
011701027
011701028
011701029
011701030
011701031
011701032
011701033
011701034
011701035
011701036
011701037
011701038
011701039
011701040
011701041
011701042
011701043
011701044
011701045
011701046
011701047
011701048
011701049
011701050
011701051
011701052
011701053
011701054
011701055
011701056
011701101
011701102
011701103
011701104
011701105
011701106
011701107
011701108
011701109
011701110
011701111
011701112
011701113
011701114
011701115
011701116
011701117
011701118
011701119
011701120
011701121
011701122
011701123
011701124
011701125
011701126
011701127
011701128
011701129
011701130
011701131
011701132
011701133
011701134
011701135
011701136
011701137
011701138
011701139
011701140
011701141
011701142
011701143
011701144
011701145
011701146
011701147
011701148
011701149
011701150
011701151
011701152
011701153
011701154
011701201
011701202
011701203
011701204
011701205
011701206
011701207
011701208
011701209
011701210
011701211
011701212
011701213
011701214
011701215
011701216
011701217
011701218
011701219
011701220
011701221
011701222
011701223
011701224
011701225
011701226
011701227
011701228
011701229
011701230
011701231
011701232
011701233
011701234
011701235
011701236
011701237
011701238
011701239
011701240
011701241
011701242
011701243
011701244
011701247
011701248
011701249
011701250
011701251
011701252
011701253
011701254
011701255
011701256
011701257
011701301
011701302
011701303
011701304
011701305
011701306
011701307
011701308
011701309
011701310
011701311
011701312
011701313
011701314
011701315
011701316
011701317
011701318
011701319
011701320
011701321
011701322
011701323
011701324
011701325
011701326
011701327
011701328
011701329
011701330
011701331
011701332
011701333
011701334
011701335
011701336
011701337
011701338
011701339
011701340
011701341
011701342
011701343
011701344
011701345
011701346
011701347
011701348
011701349
011701350
011701351
011701352
011701353
011701354
011701401
011701402
011701403
011701404
011701405
011701406
011701407
011701408
011701409
011701410
011701411
011701412
011701413
011701414
011701415
011701416
011701417
011701418
011701419
011701420
011701421
011701422
011701423
011701424
011701425
011701426
011701427
011701428
011701429
011701430
011701431
011701432
011701433
011701434
011701435
011701437
011701438
011701439
011701440
011701441
011701442
011701443
011701444
011701445
011701446
011701447
011701448
011701449
011701450
011701451
011701452
011701453
011701454
011701501
011701502
011701503
011701504
011701505
011701506
011701507
011701508
011701509
011701510
011701511
011701512
011701513
011701514
011701515
011701516
011701517
011701518
011701519
011701520
011701521
011701522
011701523
011701524
011701525
011701526
011701527
011701528
011701529
011701530
011701531
011701532
011701533
011701534
011701535
011701536
011701537
011701538
011701539
011701540
011701541
011701542
011701543
011701544
011701545
011701546
011701547
011701548
011701549
011701550
011701551
011701552
011701553
011701554
011701555
011701556
011701601
011701602
011701603
011701604
011701605
011701606
011701607
011701608
011701609
011701610
011701611
011701612
011701613
011701614
011701615
011701616
011701617
011701618
011701619
011701621
011701622
011701623
011701624
011701625
011701626
011701627
011701628
011701629
011701630
011701631
011701632
011701633
011701634
011701635
011701636
011701637
011701638
011701639
011701640
011701641
011701642
011701643
011701644
011701645
011701646
011701647
011701648
011701649
011701650
011701651
011701652
011701653
011701654
011701701
011701702
011701703
011701704
011701705
011701706
011701707
011701708
011701709
011701711
011701712
011701713
011701714
011701715
011701716
011701717
011701718
011701719
011701720
011701721
011701722
011701723
011701724
011701725
011701726
011701727
011701728
011701729
011701730
011701731
011701732
011701733
011701734
011701735
011701736
011701737
011701738
011701739
011701740
011701741
011701742
011701743
011701744
011701745
011701746
011701747
011701748
011701749
011701750
011701751
011701752
011701753
011701754
011701755
011701756
011701757
011701801
011701802
011701803
011701804
011701805
011701807
011701808
011701809
011701810
011701811
011701812
011701813
011701814
011701815
011701816
011701817
011701818
011701819
011701820
011701821
011701822
011701824
011701825
011701826
011701828
011701829
011701830
011701831
011701832
011701833
011701834
011701835
011701836
011701837
011701838
011701839
011701840
011701841
011701842
011701843
011701844
011701845
011701846
011701847
011701848
011701849
011701850
011701851
011701852
011701853
011701854
011701855
011701856
011701857
011701858
011701859
011701860
011701861
011701862
011701863
011701864
011701901
011701902
011701903
011701904
011701905
011701906
011701907
011701908
011701909
011701910
011701911
011701912
011701913
011701914
011701915
011701916
011701917
011701918
011701919
011701920
011701921
011701922
011701923
011701924
011701925
011701926
011701927
011701928
011701929
011701930
011701931
011701932
011701933
011701934
011701935
011701936
011701937
011701938
011701939
011701940
011701941
011701942
011701943
011701944
011701945
011701946
011701947
011701948
011701949
011701950
011701951
011701952
011701953
011701954
011701955
011702001
011702002
011702003
011702004
011702005
011702006
011702007
011702008
011702009
011702010
011702011
011702012
011702013
011702014
011702015
011702016
011702017
011702018
011702019
011702020
011702021
011702022
011702023
011702024
011702025
011702026
011702027
011702028
011702029
011702030
011702031
011702032
011702033
011702034
011702035
011702036
011702037
011702038
011702039
011702040
011702041
011702042
011702043
011702044
011702045
011702046
011702047
011702048
011702049
011702050
011702051
011702053
011702054
011702055
011702057
011702101
011702102
011702103
011702104
011702105
011702106
011702107
011702108
011702109
011702110
011702111
011702112
011702113
011702114
011702115
011702117
011702118
011702119
011702120
011702121
011702122
011702123
011702124
011702125
011702126
011702127
011702128
011702129
011702130
011702131
011702132
011702133
011702134
011702135
011702136
011702137
011702138
011702139
011702140
011702141
011702142
011702143
011702144
011702145
011702146
011702147
011702148
011702149
011702150
011702151
011702152
011702153
011702154
011702155
011702156
011702157
011702201
011702202
011702203
011702205
011702206
011702207
011702208
011702209
011702210
011702211
011702212
011702213
011702214
011702215
011702217
011702218
011702219
011702220
011702221
011702222
011702223
011702224
011702225
011702227
011702228
011702229
011702232
011702233
011702234
011702235
011702236
011702237
011702238
011702239
011702240
011702241
011702242
011702243
011702244
011702245
011702246
011702247
011702248
011702249
011702250
011702251
011702252
011702253
011702254
011702255
011702256
011702257
011702258
011702259
011702260
011702262
011702301
011702302
011702303
011702304
011702305
011702306
011702307
011702308
011702309
011702310
011702311
011702312
011702313
011702314
011702315
011702316
011702317
011702318
011702319
011702320
011702321
011702322
011702323
011702324
011702325
011702326
011702327
011702328
011702329
011702330
011702331
011702332
011702333
011702334
011702335
011702336
011702337
011702338
011702339
011702340
011702341
011702342
011702343
011702344
011702345
011702346
011702347
011702349
011702350
011702351
011702352
011702353
011702354
011702355
011702401
011702402
011702403
011702404
011702405
011702406
011702407
011702408
011702409
011702410
011702411
011702412
011702413
011702414
011702415
011702416
011702417
011702418
011702419
011702420
011702421
011702422
011702423
011702424
011702425
011702426
011702427
011702428
011702429
011702430
011702431
011702432
011702433
011702434
011702435
011702436
011702437
011702438
011702439
011702440
011702441
011702442
011702443
011702444
011702445
011702446
011702447
011702448
011702450
011702451
011702452
011702453
011702501
011702502
011702503
011702504
011702505
011702506
011702507
011702508
011702509
011702510
011702511
011702512
011702513
011702514
011702515
011702516
011702517
011702518
011702519
011702520
011702521
011702522
011702523
011702524
011702525
011702526
011702527
011702528
011702529
011702530
011702531
011702532
011702533
011702534
011702535
011702536
011702537
011702538
011702539
011702540
011702541
011702542
011702543
011702544
011702545
011702546
011702547
011702548
011702549
011702550
011702551
011702552
011702553
011702554
011702601
011702602
011702603
011702604
011702605
011702606
011702607
011702608
011702609
011702610
011702611
011702612
011702613
011702614
011702615
011702616
011702617
011702618
011702619
011702620
011702621
011702622
011702623
011702624
011702625
011702626
011702627
011702628
011702629
011702630
011702631
011702632
011702633
011702634
011702635
011702636
011702637
011702638
011702639
011702640
011702641
011702642
011702643
011702644
011702645
011702646
011702647
011702649
011702650
011702701
011702702
011702703
011702704
011702705
011702706
011702707
011702708
011702709
011702710
011702711
011702712
011702713
011702715
011702716
011702717
011702718
011702719
011702720
011702721
011702722
011702723
011702724
011702725
011702726
011702727
011702728
011702729
011702730
011702731
011702732
011702733
011702734
011702735
011702736
011702737
011702738
011702739
011702740
011702741
011702742
011702743
011702744
011702745
011702746
011702747
011702748
011702749
011702750
011702751
011702752
011702801
011702802
011702803
011702804
011702805
011702806
011702807
011702808
011702809
011702810
011702811
011702812
011702813
011702814
011702815
011702816
011702817
011702818
011702819
011702820
011702821
011702822
011702823
011702824
011702825
011702826
011702827
011702828
011702829
011702830
011702831
011702832
011702833
011702834
011702835
011702836
011702837
011702838
011702839
011702840
011702841
011702842
011702843
011702844
011702845
011702846
011702847
011702848
011702849
011702850
011702851
011702852
011702853
011702854
011702855
011702856
011702857
011702901
011702902
011702903
011702904
011702905
011702906
011702907
011702908
011702909
011702910
011702911
011702912
011702913
011702914
011702915
011702916
011702917
011702918
011702919
011702920
011702921
011702922
011702923
011702924
011702925
011702926
011702927
011702928
011702929
011702930
011702931
011702932
011702933
011702934
011702935
011702936
011702937
011702938
011702939
011702940
011702941
011702942
011702943
011702944
011702945
011702946
011702947
011702948
011702949
011703001
011703002
011703003
011703004
011703005
011703006
011703007
011703008
011703009
011703010
011703011
011703012
011703013
011703014
011703015
011703016
011703017
011703018
011703019
011703020
011703021
011703022
011703023
011703024
011703025
011703026
011703027
011703028
011703029
011703030
011703031
011703032
011703033
011703034
011703035
011703036
011703037
011703038
011703039
011703040
011703041
011703042
