1 0 -1 0 -1
1      1 
1
zuo1you0
1 0 -1 -1 -1
4
-1 -1 -1 -1 -1
3

-1 -1 -1 -1 -1
3
青春修炼手册
2
1 1
1 2
2
620 620
620 620
3
1 2 3
4 5 6
7 8 9
每行每列结束判断
9 16 25 36 49 121 144
144=2*2*3*2*2*3
144=2*2*2*2*3*3
196=2*7*2*7
dfs+fjzys+pd

abab abab
aaaa
100000000000000000000000000000000000000000000000000000000000000000000000000000000000000000000000000000000000000000000000000000000000000000000000000000000000000000000000000000000000000000000000000000000


1 5 3 4 5
4		0
3 4 5		1
5 3 4		0
1 5 3 4 5	1


11
10

3
-1 0 1 0
1 1 2 2
0 1 0 -1


1 3 1
2 7 1
3 4 0
4 7 0
5 6 0

1 2 3 4 5 6 


1
6 3
1 4 2
2 5 2
3 6 2

i:1 to t 
j

2 3 5 7
6 10 14
15 21 35

999955554444
444455559999
555499994445

555500 005555
555499 994445
题目是难得，数据是水的，标程是错的，暴力是可以过的