100 1000
50 15
87 50
90 97
28 89
9 60
5 20
63 51
98 68
37 69
86 90
21 60
59 95
67 64
7 90
31 97
25 33
53 40
73 17
50 93
90 42
85 74
47 49
39 77
63 60
31 49
20 2
40 20
68 19
49 40
45 52
14 60
44 4
96 95
82 2
96 53
75 52
38 38
11 39
99 3
32 28
92 57
10 65
57 7
71 3
70 90
43 76
58 9
37 56
9 23
95 32
96 33
1 64
48 65
66 36
96 20
51 48
65 46
75 23
96 58
46 38
56 98
94 12
14 98
55 80
11 78
82 8
70 67
74 25
70 89
41 60
83 88
50 40
71 89
18 29
7 96
4 11
38 51
100 52
41 95
17 86
68 53
83 39
83 78
16 64
24 56
62 55
90 79
58 39
23 78
35 94
65 26
83 35
66 26
41 7
88 66
77 49
41 55
78 55
32 24
19 47
27 23
18 26
12 21
26 86
55 91
43 94
23 85
84 34
2 85
59 49
66 27
77 21
63 27
24 84
45 77
26 57
38 4
82 24
20 11
59 8
69 14
16 25
24 44
41 91
61 61
35 10
40 40
25 9
24 85
43 46
99 86
69 47
10 91
31 73
10 49
27 95
11 72
17 87
29 24
38 81
64 72
97 4
14 45
58 10
31 71
69 54
8 16
18 88
52 18
45 11
56 1
26 93
83 93
19 49
54 45
71 16
89 18
23 67
89 11
10 44
12 23
14 9
18 17
91 35
57 100
60 18
25 100
8 3
44 20
60 4
4 68
29 77
61 31
8 59
46 5
56 70
14 59
41 30
56 92
10 17
53 14
10 83
8 86
18 2
81 73
58 39
7 17
3 58
76 62
98 12
84 20
86 52
42 81
79 53
74 45
7 96
58 68
86 25
75 75
49 24
75 9
68 27
39 12
8 2
48 61
70 26
76 87
6 83
42 52
68 13
35 49
6 59
38 100
34 11
25 99
35 30
64 63
1 15
55 97
84 77
36 4
25 62
29 22
19 70
33 39
27 11
83 15
54 43
12 81
33 96
15 98
100 16
14 66
6 76
1 59
96 100
14 31
18 50
22 80
15 40
86 83
3 50
3 79
36 82
59 99
50 81
24 23
26 51
8 91
44 29
29 2
9 26
69 69
54 73
27 87
37 98
22 29
80 26
3 77
18 52
89 27
77 98
36 40
13 52
95 85
100 71
98 14
4 15
44 23
30 52
65 62
39 9
6 19
80 20
5 84
78 52
98 80
63 52
11 21
77 28
78 47
60 53
46 57
35 76
43 50
24 33
30 30
76 40
84 17
27 91
95 11
69 55
92 11
100 76
16 36
45 77
63 38
25 12
73 69
11 20
80 74
97 49
33 6
53 60
2 2
12 73
51 88
21 18
6 48
30 98
36 2
72 44
62 23
99 15
35 76
28 83
75 79
91 65
61 77
22 18
5 47
13 80
91 80
84 97
39 11
81 69
87 22
67 56
42 11
60 47
35 38
6 87
75 92
69 49
89 100
99 50
34 74
27 71
10 31
57 27
4 100
15 60
43 64
64 28
70 88
82 59
22 84
45 90
1 32
86 39
33 32
11 13
67 11
56 17
63 56
35 62
45 54
99 96
82 61
10 30
87 60
50 67
88 39
9 22
91 38
64 83
80 49
22 24
32 68
72 78
96 29
47 86
53 5
54 20
29 77
74 74
27 3
64 24
38 93
73 94
27 66
40 50
89 7
48 67
26 49
73 66
76 98
3 20
11 70
76 53
45 18
41 19
88 78
26 40
15 84
48 15
10 36
25 23
76 77
67 52
85 98
71 44
85 95
12 27
65 76
81 54
7 51
30 15
14 12
85 53
23 69
18 97
99 31
76 29
31 34
45 65
38 93
33 18
42 66
31 32
75 87
94 83
32 74
18 79
4 7
68 66
72 9
35 92
18 52
17 78
11 51
16 3
14 37
36 39
62 16
91 26
75 6
68 23
83 55
86 67
3 100
90 9
26 66
11 53
97 35
86 9
75 37
63 43
22 8
86 18
69 63
41 43
2 18
15 82
97 52
70 31
50 34
12 59
81 31
47 19
11 65
90 94
100 100
77 83
91 52
64 78
59 58
47 41
9 66
5 25
35 8
33 60
55 99
96 98
59 10
20 46
52 13
14 15
8 72
68 56
31 73
43 97
9 51
41 75
54 94
83 98
67 43
8 38
78 37
1 6
38 96
38 11
15 9
100 41
5 88
22 41
39 66
96 1
2 41
38 16
82 91
80 92
79 95
71 88
46 99
41 92
32 50
2 52
14 60
6 88
35 38
62 91
71 98
50 81
70 47
41 29
89 34
48 48
8 4
3 71
17 72
26 93
97 75
31 64
19 18
45 39
41 99
78 54
8 98
72 96
37 77
93 54
90 23
47 22
99 52
17 78
65 44
44 47
9 84
81 85
43 63
33 13
3 34
59 15
4 52
33 100
6 78
4 78
61 88
93 7
96 47
61 100
1 13
95 6
4 74
44 34
55 15
98 9
95 86
13 68
37 41
83 62
95 14
47 35
87 5
1 81
46 32
17 13
77 27
91 70
84 95
71 33
17 10
77 43
53 48
43 7
28 10
54 57
66 59
38 43
57 56
16 70
88 5
87 54
65 58
76 32
46 100
77 35
31 86
38 82
33 83
71 64
80 96
35 29
94 24
71 26
81 9
44 5
83 83
10 1
86 46
94 33
47 76
41 53
93 30
21 11
32 54
7 63
22 72
40 59
53 83
99 98
67 15
6 28
40 78
27 69
17 13
31 70
81 98
69 56
4 29
72 16
58 17
90 19
51 93
66 59
86 52
53 100
13 52
58 46
26 85
90 98
37 27
39 51
3 19
48 49
54 88
42 28
1 45
63 31
14 69
86 100
89 2
10 30
54 58
98 54
34 22
11 40
30 55
3 73
2 59
3 74
5 81
17 95
49 17
52 47
48 48
58 57
91 59
7 95
2 62
20 72
37 12
9 9
67 5
16 78
2 76
46 43
5 95
12 58
20 29
81 62
54 57
50 79
21 41
67 69
61 50
91 37
70 49
89 11
7 10
90 51
15 95
47 97
46 8
11 6
61 78
33 97
97 98
83 14
15 76
68 64
49 13
84 89
67 62
6 70
48 41
90 83
99 69
58 35
46 42
70 18
57 84
74 45
73 41
17 65
19 51
64 19
84 7
82 89
34 1
50 45
7 95
51 35
19 54
31 23
50 86
11 27
23 56
91 13
100 64
51 87
88 53
100 50
51 92
20 63
28 63
9 76
29 59
79 46
78 84
33 29
26 48
95 73
13 89
76 80
21 55
59 97
69 53
70 7
20 31
12 33
49 16
63 60
49 99
71 36
21 9
5 37
40 42
98 51
12 52
75 28
29 19
96 29
36 12
5 10
41 38
51 84
22 88
55 41
4 13
17 56
100 44
9 75
44 91
20 71
74 93
63 96
45 60
64 74
1 20
68 91
44 7
79 63
21 83
93 92
34 2
74 92
69 44
50 67
25 47
41 81
72 6
52 66
81 62
90 46
73 42
7 57
11 82
45 95
13 53
85 66
56 83
52 97
57 93
67 15
14 62
78 41
17 71
84 28
83 30
86 11
14 53
99 73
50 78
88 28
47 69
41 76
70 63
71 26
3 22
89 95
6 33
76 10
64 25
38 56
72 91
32 92
32 61
58 29
98 86
56 17
46 60
42 63
78 8
42 79
42 50
99 36
9 15
8 39
95 1
85 70
41 46
83 61
20 4
43 76
50 29
59 25
87 75
93 75
85 20
1 61
6 30
56 1
91 61
63 83
41 83
42 10
92 63
76 99
21 98
31 84
28 31
12 70
75 57
90 71
23 38
68 47
92 67
12 80
12 100
13 29
2 83
5 92
8 15
58 13
65 53
38 24
74 11
80 29
91 90
7 80
89 19
73 65
88 28
93 77
5 59
50 33
6 41
75 3
62 25
76 59
14 34
88 63
1 48
43 35
35 97
11 12
80 85
99 68
20 30
45 34
94 53
25 56
48 92
93 24
41 11
41 11
23 19
71 99
82 2
72 77
41 26
97 86
53 98
64 57
20 5
56 48
48 17
40 56
92 28
46 69
47 45
14 97
78 36
60 32
80 87
50 31
55 14
90 100
87 15
14 49
15 30
41 44
6 98
25 88
89 77
48 49
51 5
100 34
99 75
16 90
66 2
57 73
94 60
39 78
36 66
51 73
23 90
85 26
6 32
91 6
5 94
88 47
35 65
42 4
61 89
53 34
20 74
43 15
56 88
12 24
34 82
26 22
82 82
100 86
88 25
34 30
19 92
97 50
21 6
77 84
86 73
32 70
32 89
85 58
35 95
10 79
32 28
39 40
45 76
67 58
52 18
77 46
4 3
12 84
67 92
91 100
95 95
43 62
46 51
17 52
72 79
31 9
53 27
84 50
35 61
51 52
60 97
26 30
25 51
8 28
5 58
3 87
60 62
42 41
91 10
95 50
16 45
39 57
465 38 498 940 789 295 956 823 42 463 745 669 10 405 740 482 926 105 860 639 953 422 139 211 972 693 923 994 196 224 787 511 479 278 519 936 930 459 856 41 493 75 653 643 167 771 395 560 374 52 701 233 294 191 768 402 566 55 737 641 312 267 254 785 873 8 509 837 6 596 431 306 297 914 332 107 132 456 219 688 507 839 352 24 327 888 374 312 552 45 514 744 203 138 446 967 260 10 358 295 
53 378 143 215 889 885 364 721 721 277 138 543 369 840 867 549 667 999 464 581 262 783 7 933 697 61 736 234 948 698 177 648 38 452 284 677 28 725 516 797 115 259 363 257 182 911 410 716 733 842 793 980 273 446 932 31 617 796 198 778 187 206 726 22 463 596 230 863 38 198 112 19 526 258 264 167 914 500 695 359 748 86 136 480 688 979 707 12 526 428 78 939 744 180 651 526 178 504 934 436 